pottedplant 23 0 414.00 232.00 458.00 263.00
pottedplant 23 0 291.00 237.00 333.00 270.00
pottedplant 23 0 183.00 238.00 227.00 273.00
pottedplant 23 0 52.00 244.00 99.00 274.00
pottedplant 23 0 62.00 96.00 107.00 132.00
pottedplant 23 0 184.00 94.00 225.00 128.00
pottedplant 23 1 43.00 232.00 87.00 263.00
pottedplant 23 1 168.00 237.00 210.00 270.00
pottedplant 23 1 274.00 238.00 318.00 273.00
pottedplant 23 1 402.00 244.00 449.00 274.00
pottedplant 72 1 394.00 96.00 439.00 132.00
pottedplant 23 1 276.00 94.00 317.00 128.00
