chair -1 0 405.00 153.00 493.00 255.00
chair -1 0 275.00 129.00 312.00 170.00
bottle 1 0 360.00 192.00 381.00 265.00
bottle 1 0 399.00 181.00 422.00 235.00
bottle 1 0 270.00 180.00 291.00 247.00
bottle 10 0 294.00 176.00 312.00 241.00
person 98 0 68.00 96.00 293.00 375.00
person 49 0 1.00 71.00 87.00 332.00
person 70 0 185.00 68.00 259.00 197.00
person 70 0 286.00 64.00 406.00 238.00
chair -1 1 8.00 153.00 96.00 255.00
chair -1 1 189.00 129.00 226.00 170.00
bottle 13 1 120.00 192.00 141.00 265.00
bottle 13 1 79.00 181.00 102.00 235.00
bottle 1 1 210.00 180.00 231.00 247.00
bottle 10 1 189.00 176.00 207.00 241.00
person 98 1 208.00 96.00 433.00 375.00
person 49 1 414.00 71.00 500.00 332.00
person 98 1 242.00 68.00 316.00 197.00
person 71 1 95.00 64.00 215.00 238.00
