sofa 101 0 235.00 158.00 462.00 282.00
sofa -1 0 8.00 166.00 220.00 322.00
person 70 0 198.00 156.00 341.00 231.00
person 98 0 349.00 145.00 451.00 266.00
person 98 0 61.00 162.00 170.00 333.00
person 57 0 29.00 166.00 73.00 213.00
person 98 0 298.00 246.00 433.00 333.00
person 98 0 196.00 215.00 332.00 330.00
person 70 0 270.00 298.00 324.00 333.00
sofa 95 1 39.00 158.00 266.00 282.00
sofa -1 1 281.00 166.00 493.00 322.00
person 70 1 160.00 156.00 303.00 231.00
person 98 1 50.00 145.00 152.00 266.00
person 98 1 331.00 162.00 440.00 333.00
person 71 1 428.00 166.00 472.00 213.00
person 71 1 68.00 246.00 203.00 333.00
person 98 1 169.00 215.00 305.00 330.00
person 71 1 177.00 298.00 231.00 333.00
