chair 11 0 33.00 105.00 65.00 146.00
chair 50 0 77.00 114.00 114.00 149.00
chair 50 0 146.00 125.00 175.00 150.00
chair -1 0 227.00 132.00 247.00 154.00
chair -1 0 302.00 127.00 327.00 153.00
chair 51 0 373.00 121.00 402.00 153.00
chair 51 0 435.00 112.00 465.00 149.00
chair 51 1 436.00 105.00 468.00 146.00
chair 51 1 387.00 114.00 424.00 149.00
chair 51 1 326.00 125.00 355.00 150.00
chair -1 1 254.00 132.00 274.00 154.00
chair -1 1 174.00 127.00 199.00 153.00
chair 50 1 99.00 121.00 128.00 153.00
chair 50 1 36.00 112.00 66.00 149.00
