bus 75 0 426.00 197.00 500.00 273.00
bus 115 0 235.00 216.00 323.00 258.00
bus -1 0 141.00 212.00 169.00 276.00
bus 31 0 51.00 210.00 152.00 308.00
bus 75 0 1.00 209.00 55.00 313.00
person -1 0 314.00 241.00 325.00 269.00
person -1 0 278.00 242.00 284.00 268.00
person -1 0 273.00 245.00 278.00 257.00
person -1 0 256.00 242.00 265.00 270.00
person -1 0 247.00 244.00 256.00 268.00
person -1 0 206.00 245.00 214.00 270.00
person -1 0 187.00 243.00 196.00 277.00
person -1 0 178.00 245.00 185.00 273.00
bus 115 1 1.00 197.00 75.00 273.00
bus 116 1 178.00 216.00 266.00 258.00
bus -1 1 332.00 212.00 360.00 276.00
bus 31 1 349.00 210.00 450.00 308.00
bus 75 1 446.00 209.00 500.00 313.00
person -1 1 176.00 241.00 187.00 269.00
person -1 1 217.00 242.00 223.00 268.00
person -1 1 223.00 245.00 228.00 257.00
person -1 1 236.00 242.00 245.00 270.00
person -1 1 245.00 244.00 254.00 268.00
person -1 1 287.00 245.00 295.00 270.00
person -1 1 305.00 243.00 314.00 277.00
person -1 1 316.00 245.00 323.00 273.00
