diningtable 12 0 59.00 152.00 461.00 375.00
person 98 0 344.00 150.00 500.00 375.00
person 57 0 321.00 85.00 456.00 362.00
person 71 0 304.00 92.00 391.00 209.00
person 71 0 280.00 88.00 337.00 172.00
person 70 0 163.00 67.00 261.00 163.00
person 98 0 125.00 94.00 164.00 166.00
person 98 0 75.00 87.00 158.00 231.00
person 110 0 1.00 112.00 97.00 375.00
diningtable 12 1 40.00 152.00 442.00 375.00
person 70 1 1.00 150.00 157.00 375.00
person 49 1 45.00 85.00 180.00 362.00
person 98 1 110.00 92.00 197.00 209.00
person 71 1 164.00 88.00 221.00 172.00
person 70 1 240.00 67.00 338.00 163.00
person 98 1 337.00 94.00 376.00 166.00
person 71 1 343.00 87.00 426.00 231.00
person 110 1 404.00 112.00 500.00 375.00
