car -1 0 1.00 474.00 149.00 500.00
car -1 0 2.00 450.00 83.00 475.00
car 41 0 96.00 435.00 275.00 500.00
car 83 0 362.00 440.00 453.00 500.00
person 98 0 52.00 429.00 70.00 469.00
person -1 0 13.00 421.00 29.00 450.00
person -1 0 21.00 429.00 39.00 461.00
car -1 1 305.00 474.00 453.00 500.00
car -1 1 371.00 450.00 452.00 475.00
car 83 1 179.00 435.00 358.00 500.00
car 41 1 1.00 440.00 92.00 500.00
person 110 1 384.00 429.00 402.00 469.00
person -1 1 425.00 421.00 441.00 450.00
person -1 1 415.00 429.00 433.00 461.00
