chair 50 0 67.00 188.00 183.00 330.00
chair -1 0 108.00 174.00 160.00 205.00
chair -1 0 156.00 169.00 202.00 195.00
chair 51 0 173.00 184.00 274.00 326.00
chair 89 0 268.00 182.00 316.00 307.00
chair -1 0 269.00 160.00 314.00 186.00
chair 51 0 307.00 119.00 376.00 228.00
diningtable 58 0 102.00 177.00 324.00 302.00
chair 51 1 318.00 188.00 434.00 330.00
chair -1 1 341.00 174.00 393.00 205.00
chair -1 1 299.00 169.00 345.00 195.00
chair 50 1 227.00 184.00 328.00 326.00
chair 89 1 185.00 182.00 233.00 307.00
chair -1 1 187.00 160.00 232.00 186.00
chair 50 1 125.00 119.00 194.00 228.00
diningtable 21 1 177.00 177.00 399.00 302.00
