diningtable 12 0 178.00 216.00 303.00 326.00
person 98 0 250.00 237.00 362.00 375.00
person 71 0 114.00 236.00 227.00 375.00
bottle 82 0 221.00 223.00 235.00 266.00
bottle 36 0 234.00 213.00 245.00 256.00
person 71 0 341.00 149.00 376.00 216.00
person 70 0 158.00 191.00 185.00 221.00
person 70 0 159.00 177.00 206.00 230.00
person 98 0 252.00 178.00 311.00 228.00
person 98 0 291.00 193.00 332.00 241.00
person 98 0 318.00 209.00 373.00 330.00
person 98 0 100.00 206.00 170.00 342.00
person 70 0 444.00 283.00 500.00 375.00
chair 89 0 366.00 243.00 394.00 375.00
chair -1 0 367.00 217.00 390.00 269.00
diningtable 100 1 198.00 216.00 323.00 326.00
person 98 1 139.00 237.00 251.00 375.00
person 98 1 274.00 236.00 387.00 375.00
bottle 25 1 266.00 223.00 280.00 266.00
bottle 36 1 256.00 213.00 267.00 256.00
person 98 1 125.00 149.00 160.00 216.00
person 70 1 316.00 191.00 343.00 221.00
person 71 1 295.00 177.00 342.00 230.00
person 98 1 190.00 178.00 249.00 228.00
person 70 1 169.00 193.00 210.00 241.00
person 98 1 128.00 209.00 183.00 330.00
person 98 1 331.00 206.00 401.00 342.00
person 70 1 1.00 283.00 57.00 375.00
chair 68 1 107.00 243.00 135.00 375.00
chair -1 1 111.00 217.00 134.00 269.00
