bottle 1 0 185.00 264.00 205.00 320.00
bottle 13 0 298.00 245.00 326.00 312.00
bottle -1 0 240.00 1.00 261.00 26.00
bottle -1 0 157.00 1.00 174.00 27.00
bottle -1 0 139.00 1.00 155.00 28.00
person 70 0 227.00 56.00 497.00 213.00
person 70 0 91.00 59.00 245.00 261.00
person 70 0 37.00 134.00 203.00 332.00
person 98 0 226.00 75.00 413.00 274.00
person 98 0 258.00 114.00 477.00 332.00
bottle 1 1 296.00 264.00 316.00 320.00
bottle 1 1 175.00 245.00 203.00 312.00
bottle -1 1 240.00 1.00 261.00 26.00
bottle -1 1 327.00 1.00 344.00 27.00
bottle -1 1 346.00 1.00 362.00 28.00
person 71 1 4.00 56.00 274.00 213.00
person 98 1 256.00 59.00 410.00 261.00
person 98 1 298.00 134.00 464.00 332.00
person 71 1 88.00 75.00 275.00 274.00
person 71 1 24.00 114.00 243.00 332.00
