person 98 0 28.00 19.00 103.00 167.00
person 71 0 16.00 54.00 178.00 249.00
person 98 0 147.00 23.00 245.00 249.00
person 70 0 227.00 19.00 400.00 249.00
person 57 0 391.00 13.00 500.00 249.00
bottle 1 0 364.00 212.00 389.00 249.00
bottle 1 0 231.00 145.00 260.00 210.00
person 98 1 398.00 19.00 473.00 167.00
person 70 1 323.00 54.00 485.00 249.00
person 49 1 256.00 23.00 354.00 249.00
person 70 1 101.00 19.00 274.00 249.00
person 49 1 1.00 13.00 110.00 249.00
bottle 1 1 112.00 212.00 137.00 249.00
bottle 1 1 241.00 145.00 270.00 210.00
