person -1 0 485.00 174.00 500.00 280.00
person 49 0 443.00 163.00 479.00 283.00
person 49 0 419.00 153.00 439.00 240.00
person 110 0 440.00 156.00 450.00 230.00
person 49 0 412.00 163.00 430.00 248.00
person 49 0 407.00 194.00 422.00 251.00
person 110 0 373.00 157.00 401.00 266.00
person 70 0 330.00 169.00 380.00 252.00
person 110 0 1.00 153.00 20.00 305.00
person 110 0 1.00 110.00 33.00 244.00
car 41 0 30.00 142.00 77.00 205.00
bus 116 0 67.00 21.00 382.00 278.00
person -1 1 1.00 174.00 16.00 280.00
person 49 1 22.00 163.00 58.00 283.00
person 57 1 62.00 153.00 82.00 240.00
person 110 1 51.00 156.00 61.00 230.00
person 49 1 71.00 163.00 89.00 248.00
person 49 1 79.00 194.00 94.00 251.00
person 110 1 100.00 157.00 128.00 266.00
person 71 1 121.00 169.00 171.00 252.00
person 110 1 481.00 153.00 500.00 305.00
person 49 1 468.00 110.00 500.00 244.00
car 41 1 424.00 142.00 471.00 205.00
bus 6 1 119.00 21.00 434.00 278.00
