diningtable 12 0 95.00 209.00 421.00 375.00
person 57 0 399.00 219.00 486.00 371.00
person 70 0 341.00 161.00 432.00 298.00
person -1 0 384.00 135.00 437.00 203.00
person 70 0 239.00 131.00 337.00 211.00
person 57 0 148.00 144.00 211.00 255.00
person 98 0 81.00 160.00 197.00 327.00
person 57 0 2.00 188.00 107.00 375.00
bottle 25 0 354.00 301.00 382.00 370.00
bottle -1 0 39.00 124.00 54.00 161.00
chair -1 0 461.00 189.00 500.00 282.00
diningtable 12 1 80.00 209.00 406.00 375.00
person 71 1 15.00 219.00 102.00 371.00
person 71 1 69.00 161.00 160.00 298.00
person -1 1 64.00 135.00 117.00 203.00
person 70 1 164.00 131.00 262.00 211.00
person 49 1 290.00 144.00 353.00 255.00
person 98 1 304.00 160.00 420.00 327.00
person 98 1 394.00 188.00 499.00 375.00
bottle 82 1 119.00 301.00 147.00 370.00
bottle -1 1 447.00 124.00 462.00 161.00
chair -1 1 1.00 189.00 40.00 282.00
