chair 51 0 243.00 255.00 316.00 375.00
chair -1 0 136.00 326.00 271.00 375.00
chair -1 0 1.00 291.00 97.00 374.00
chair -1 0 402.00 245.00 455.00 316.00
diningtable 65 0 40.00 266.00 277.00 375.00
sofa 91 0 415.00 192.00 457.00 254.00
pottedplant -1 0 185.00 167.00 201.00 236.00
chair 50 1 185.00 255.00 258.00 375.00
chair -1 1 230.00 326.00 365.00 375.00
chair -1 1 404.00 291.00 500.00 374.00
chair -1 1 46.00 245.00 99.00 316.00
diningtable 65 1 224.00 266.00 461.00 375.00
sofa 90 1 44.00 192.00 86.00 254.00
pottedplant -1 1 300.00 167.00 316.00 236.00
