bicycle 34 0 76.00 153.00 160.00 276.00
bicycle 35 0 219.00 176.00 429.00 374.00
person 49 0 29.00 29.00 68.00 111.00
person 57 0 119.00 4.00 162.00 53.00
person 49 0 113.00 28.00 167.00 131.00
person 110 0 242.00 17.00 288.00 103.00
person 57 0 68.00 92.00 165.00 255.00
person 57 0 235.00 30.00 403.00 362.00
person 57 0 176.00 75.00 231.00 132.00
person -1 0 233.00 88.00 259.00 157.00
bicycle 35 1 341.00 153.00 425.00 276.00
bicycle 34 1 72.00 176.00 282.00 374.00
person 49 1 433.00 29.00 472.00 111.00
person 71 1 339.00 4.00 382.00 53.00
person 49 1 334.00 28.00 388.00 131.00
person 110 1 213.00 17.00 259.00 103.00
person 57 1 336.00 92.00 433.00 255.00
person 57 1 98.00 30.00 266.00 362.00
person 57 1 270.00 75.00 325.00 132.00
person -1 1 242.00 88.00 268.00 157.00
