bottle 10 0 227.00 124.00 271.00 265.00
bottle 25 0 331.00 122.00 390.00 354.00
bottle 25 0 394.00 183.00 422.00 340.00
bottle 25 0 285.00 125.00 326.00 340.00
car 41 0 430.00 184.00 500.00 229.00
car -1 0 2.00 255.00 500.00 375.00
person 71 0 174.00 66.00 295.00 265.00
bottle 25 1 230.00 124.00 274.00 265.00
bottle 25 1 111.00 122.00 170.00 354.00
bottle 25 1 79.00 183.00 107.00 340.00
bottle 25 1 175.00 125.00 216.00 340.00
car 52 1 1.00 184.00 71.00 229.00
car -1 1 1.00 255.00 499.00 375.00
person 57 1 206.00 66.00 327.00 265.00
