car -1 0 488.00 276.00 500.00 320.00
car -1 0 475.00 251.00 486.00 273.00
car 94 0 279.00 225.00 478.00 340.00
car 94 0 245.00 230.00 316.00 280.00
car 41 0 1.00 241.00 87.00 375.00
person 49 0 133.00 244.00 184.00 367.00
motorbike 79 0 121.00 273.00 213.00 367.00
car -1 1 1.00 276.00 13.00 320.00
car -1 1 15.00 251.00 26.00 273.00
car 83 1 23.00 225.00 222.00 340.00
car 52 1 185.00 230.00 256.00 280.00
car 83 1 414.00 241.00 500.00 375.00
person 110 1 317.00 244.00 368.00 367.00
motorbike 28 1 288.00 273.00 380.00 367.00
