motorbike 81 0 48.00 85.00 499.00 374.00
person 57 0 125.00 2.00 316.00 344.00
person 98 0 44.00 4.00 128.00 167.00
person 49 0 315.00 31.00 352.00 112.00
person -1 0 295.00 35.00 320.00 115.00
person 49 0 217.00 40.00 248.00 84.00
person 49 0 21.00 43.00 51.00 127.00
person 49 0 471.00 36.00 497.00 126.00
person 98 0 447.00 36.00 472.00 117.00
person 49 0 361.00 41.00 374.00 103.00
motorbike 79 1 2.00 85.00 453.00 374.00
person 49 1 185.00 2.00 376.00 344.00
person 98 1 373.00 4.00 457.00 167.00
person 49 1 149.00 31.00 186.00 112.00
person -1 1 181.00 35.00 206.00 115.00
person 98 1 253.00 40.00 284.00 84.00
person 49 1 450.00 43.00 480.00 127.00
person 49 1 4.00 36.00 30.00 126.00
person 49 1 29.00 36.00 54.00 117.00
person 110 1 127.00 41.00 140.00 103.00
