horse 22 0 58.00 147.00 257.00 265.00
horse 14 0 1.00 109.00 50.00 229.00
horse 85 0 305.00 98.00 440.00 236.00
horse -1 0 281.00 133.00 316.00 204.00
person 110 0 116.00 62.00 174.00 226.00
person 57 0 170.00 83.00 209.00 148.00
person 57 0 362.00 70.00 414.00 204.00
person 57 0 281.00 94.00 327.00 180.00
horse 85 1 244.00 147.00 443.00 265.00
horse 14 1 451.00 109.00 500.00 229.00
horse 22 1 61.00 98.00 196.00 236.00
horse -1 1 185.00 133.00 220.00 204.00
person 49 1 327.00 62.00 385.00 226.00
person 57 1 292.00 83.00 331.00 148.00
person 49 1 87.00 70.00 139.00 204.00
person 57 1 174.00 94.00 220.00 180.00
