diningtable 12 0 123.00 129.00 465.00 375.00
person 71 0 229.00 57.00 314.00 167.00
person 57 0 171.00 85.00 221.00 152.00
person 70 0 88.00 71.00 142.00 112.00
person 71 0 11.00 124.00 190.00 375.00
person 98 0 47.00 92.00 225.00 286.00
person 49 0 5.00 72.00 51.00 182.00
person 70 0 251.00 65.00 357.00 188.00
person 98 0 335.00 81.00 422.00 217.00
person 98 0 345.00 107.00 500.00 338.00
person 98 0 279.00 226.00 433.00 375.00
diningtable 12 1 36.00 129.00 378.00 375.00
person 98 1 187.00 57.00 272.00 167.00
person 57 1 280.00 85.00 330.00 152.00
person 70 1 359.00 71.00 413.00 112.00
person 98 1 311.00 124.00 490.00 375.00
person 70 1 276.00 92.00 454.00 286.00
person 49 1 450.00 72.00 496.00 182.00
person 70 1 144.00 65.00 250.00 188.00
person 98 1 79.00 81.00 166.00 217.00
person 98 1 1.00 107.00 156.00 338.00
person 98 1 68.00 226.00 222.00 375.00
