bus 75 0 1.00 64.00 30.00 170.00
bus 6 0 30.00 99.00 61.00 146.00
car -1 0 63.00 132.00 79.00 154.00
bicycle -1 0 109.00 188.00 121.00 249.00
person 49 0 100.00 130.00 137.00 237.00
person 98 0 151.00 131.00 181.00 246.00
person 49 0 179.00 133.00 193.00 207.00
person 49 0 193.00 135.00 231.00 287.00
person 110 0 229.00 138.00 254.00 258.00
person 57 0 255.00 121.00 298.00 278.00
person 57 0 279.00 132.00 323.00 289.00
person 110 0 301.00 130.00 339.00 316.00
person 49 0 318.00 117.00 362.00 333.00
person 49 0 332.00 131.00 400.00 332.00
person 49 0 380.00 125.00 449.00 333.00
person 57 0 427.00 125.00 500.00 333.00
bus 75 1 471.00 64.00 500.00 170.00
bus 31 1 440.00 99.00 471.00 146.00
car -1 1 422.00 132.00 438.00 154.00
bicycle -1 1 380.00 188.00 392.00 249.00
person 49 1 364.00 130.00 401.00 237.00
person 98 1 320.00 131.00 350.00 246.00
person 110 1 308.00 133.00 322.00 207.00
person 49 1 270.00 135.00 308.00 287.00
person 110 1 247.00 138.00 272.00 258.00
person 57 1 203.00 121.00 246.00 278.00
person 49 1 178.00 132.00 222.00 289.00
person 110 1 162.00 130.00 200.00 316.00
person 49 1 139.00 117.00 183.00 333.00
person 110 1 101.00 131.00 169.00 332.00
person 49 1 52.00 125.00 121.00 333.00
person 71 1 1.00 125.00 74.00 333.00
