person 49 0 127.00 190.00 158.00 277.00
person 70 0 199.00 194.00 233.00 275.00
person 98 0 167.00 196.00 185.00 236.00
person 49 0 88.00 193.00 119.00 294.00
person 98 0 20.00 195.00 55.00 297.00
person -1 0 1.00 198.00 19.00 295.00
person 110 0 65.00 185.00 90.00 293.00
person -1 0 53.00 195.00 65.00 230.00
person -1 0 43.00 196.00 56.00 214.00
person -1 0 157.00 195.00 168.00 223.00
person 49 1 83.00 190.00 114.00 277.00
person 49 1 8.00 194.00 42.00 275.00
person 49 1 56.00 196.00 74.00 236.00
person 49 1 122.00 193.00 153.00 294.00
person 70 1 186.00 195.00 221.00 297.00
person -1 1 222.00 198.00 240.00 295.00
person 110 1 151.00 185.00 176.00 293.00
person -1 1 176.00 195.00 188.00 230.00
person -1 1 185.00 196.00 198.00 214.00
person -1 1 73.00 195.00 84.00 223.00
