sheep 53 0 264.00 292.00 320.00 337.00
sheep 108 0 245.00 275.00 286.00 313.00
sheep 108 0 264.00 263.00 291.00 289.00
sheep 32 0 309.00 264.00 334.00 302.00
sheep 108 0 162.00 283.00 187.00 316.00
sheep 32 0 142.00 268.00 173.00 291.00
sheep 32 0 1.00 288.00 21.00 318.00
sheep 53 1 181.00 292.00 237.00 337.00
sheep 59 1 215.00 275.00 256.00 313.00
sheep 108 1 210.00 263.00 237.00 289.00
sheep 32 1 167.00 264.00 192.00 302.00
sheep 32 1 314.00 283.00 339.00 316.00
sheep 108 1 328.00 268.00 359.00 291.00
sheep 108 1 480.00 288.00 500.00 318.00
