diningtable 21 0 86.00 150.00 500.00 333.00
bottle -1 0 30.00 89.00 47.00 113.00
bottle 13 0 43.00 106.00 58.00 147.00
bottle 25 0 6.00 103.00 19.00 142.00
chair -1 0 162.00 129.00 224.00 185.00
chair -1 0 256.00 122.00 312.00 173.00
chair -1 0 432.00 116.00 495.00 178.00
chair 11 0 366.00 149.00 479.00 333.00
chair 11 0 231.00 163.00 392.00 333.00
chair 50 0 1.00 165.00 162.00 333.00
diningtable 45 1 1.00 150.00 415.00 333.00
bottle -1 1 454.00 89.00 471.00 113.00
bottle 1 1 443.00 106.00 458.00 147.00
bottle 82 1 482.00 103.00 495.00 142.00
chair -1 1 277.00 129.00 339.00 185.00
chair -1 1 189.00 122.00 245.00 173.00
chair -1 1 6.00 116.00 69.00 178.00
chair 11 1 22.00 149.00 135.00 333.00
chair 11 1 109.00 163.00 270.00 333.00
chair 51 1 339.00 165.00 500.00 333.00
