sofa 76 0 2.00 111.00 262.00 299.00
person 98 0 266.00 63.00 332.00 181.00
person 70 0 160.00 179.00 422.00 374.00
person 71 0 1.00 174.00 186.00 374.00
person 98 0 61.00 90.00 213.00 255.00
person 98 0 157.00 79.00 261.00 217.00
chair 89 0 270.00 98.00 339.00 188.00
chair 107 0 422.00 116.00 500.00 224.00
person 70 0 380.00 92.00 499.00 217.00
sofa 44 1 239.00 111.00 499.00 299.00
person 98 1 169.00 63.00 235.00 181.00
person 71 1 79.00 179.00 341.00 374.00
person 71 1 315.00 174.00 500.00 374.00
person 98 1 288.00 90.00 440.00 255.00
person 98 1 240.00 79.00 344.00 217.00
chair 89 1 162.00 98.00 231.00 188.00
chair 89 1 1.00 116.00 79.00 224.00
person 70 1 2.00 92.00 121.00 217.00
