bicycle 47 0 294.00 177.00 436.00 375.00
person 57 0 88.00 51.00 218.00 375.00
person 70 0 288.00 72.00 321.00 135.00
person 110 0 231.00 71.00 253.00 135.00
person 98 0 200.00 85.00 221.00 119.00
person -1 0 187.00 76.00 200.00 101.00
person 98 0 97.00 75.00 123.00 114.00
person 71 0 76.00 74.00 98.00 107.00
bicycle 46 1 65.00 177.00 207.00 375.00
person 57 1 283.00 51.00 413.00 375.00
person 98 1 180.00 72.00 213.00 135.00
person 49 1 248.00 71.00 270.00 135.00
person 98 1 280.00 85.00 301.00 119.00
person -1 1 301.00 76.00 314.00 101.00
person 49 1 378.00 75.00 404.00 114.00
person 70 1 403.00 74.00 425.00 107.00
