diningtable 12 0 102.00 213.00 473.00 375.00
chair 68 0 380.00 118.00 443.00 174.00
chair -1 0 324.00 160.00 413.00 221.00
chair 68 0 150.00 128.00 233.00 229.00
chair -1 0 93.00 172.00 171.00 288.00
chair -1 0 18.00 298.00 252.00 375.00
chair -1 0 468.00 268.00 500.00 375.00
diningtable 12 1 28.00 213.00 399.00 375.00
chair 51 1 58.00 118.00 121.00 174.00
chair -1 1 88.00 160.00 177.00 221.00
chair 68 1 268.00 128.00 351.00 229.00
chair -1 1 330.00 172.00 408.00 288.00
chair -1 1 249.00 298.00 483.00 375.00
chair -1 1 1.00 268.00 33.00 375.00
