person 98 0 118.00 77.00 260.00 304.00
sofa 44 0 2.00 189.00 500.00 375.00
car 83 0 275.00 67.00 368.00 101.00
car 83 0 316.00 77.00 436.00 117.00
car 83 0 266.00 95.00 397.00 142.00
car 83 0 91.00 73.00 179.00 111.00
car -1 0 344.00 117.00 433.00 165.00
person 98 1 241.00 77.00 383.00 304.00
sofa 44 1 1.00 189.00 499.00 375.00
car 83 1 133.00 67.00 226.00 101.00
car 83 1 65.00 77.00 185.00 117.00
car 52 1 104.00 95.00 235.00 142.00
car 66 1 322.00 73.00 410.00 111.00
car -1 1 68.00 117.00 157.00 165.00
