car -1 0 113.00 195.00 150.00 213.00
car -1 0 224.00 193.00 268.00 208.00
car -1 0 237.00 194.00 272.00 212.00
car -1 0 248.00 196.00 287.00 214.00
car 83 0 259.00 194.00 335.00 219.00
car -1 0 95.00 191.00 124.00 195.00
car -1 0 79.00 202.00 156.00 221.00
person -1 0 155.00 205.00 169.00 222.00
car -1 1 351.00 195.00 388.00 213.00
car -1 1 233.00 193.00 277.00 208.00
car -1 1 229.00 194.00 264.00 212.00
car -1 1 214.00 196.00 253.00 214.00
car 83 1 166.00 194.00 242.00 219.00
car -1 1 377.00 191.00 406.00 195.00
car -1 1 345.00 202.00 422.00 221.00
person -1 1 332.00 205.00 346.00 222.00
