person 98 0 148.00 146.00 269.00 500.00
person 110 0 287.00 173.00 330.00 250.00
person 49 0 315.00 172.00 336.00 249.00
person 110 0 144.00 174.00 171.00 244.00
person 70 0 123.00 174.00 136.00 200.00
person 98 0 50.00 174.00 63.00 206.00
car -1 0 103.00 178.00 129.00 196.00
person 98 1 107.00 146.00 228.00 500.00
person 110 1 46.00 173.00 89.00 250.00
person 110 1 40.00 172.00 61.00 249.00
person 49 1 205.00 174.00 232.00 244.00
person 98 1 240.00 174.00 253.00 200.00
person 98 1 313.00 174.00 326.00 206.00
car -1 1 247.00 178.00 273.00 196.00
