person 110 0 2.00 192.00 32.00 265.00
person 98 0 20.00 185.00 68.00 250.00
person 98 0 48.00 190.00 76.00 252.00
person 49 0 75.00 191.00 100.00 280.00
person 49 0 108.00 179.00 143.00 250.00
person 70 0 473.00 199.00 489.00 234.00
chair 68 0 174.00 197.00 197.00 238.00
chair 68 0 153.00 193.00 180.00 239.00
chair 68 0 227.00 195.00 245.00 234.00
diningtable 58 0 188.00 202.00 220.00 238.00
person 98 1 469.00 192.00 499.00 265.00
person 98 1 433.00 185.00 481.00 250.00
person 49 1 425.00 190.00 453.00 252.00
person 49 1 401.00 191.00 426.00 280.00
person 49 1 358.00 179.00 393.00 250.00
person 98 1 12.00 199.00 28.00 234.00
chair 11 1 304.00 197.00 327.00 238.00
chair 68 1 321.00 193.00 348.00 239.00
chair 68 1 256.00 195.00 274.00 234.00
diningtable 58 1 281.00 202.00 313.00 238.00
