chair 51 0 341.00 276.00 433.00 375.00
chair -1 0 441.00 266.00 500.00 322.00
chair -1 0 439.00 298.00 500.00 375.00
sofa 95 0 196.00 173.00 384.00 290.00
sofa -1 0 278.00 228.00 475.00 362.00
pottedplant 23 0 129.00 151.00 203.00 218.00
tvmonitor -1 0 276.00 149.00 320.00 177.00
sofa -1 0 5.00 252.00 155.00 375.00
chair -1 0 90.00 273.00 111.00 375.00
chair -1 0 52.00 300.00 106.00 375.00
chair 50 1 68.00 276.00 160.00 375.00
chair -1 1 1.00 266.00 60.00 322.00
chair -1 1 1.00 298.00 62.00 375.00
sofa 101 1 117.00 173.00 305.00 290.00
sofa -1 1 26.00 228.00 223.00 362.00
pottedplant 23 1 298.00 151.00 372.00 218.00
tvmonitor -1 1 181.00 149.00 225.00 177.00
sofa -1 1 346.00 252.00 496.00 375.00
chair -1 1 390.00 273.00 411.00 375.00
chair -1 1 395.00 300.00 449.00 375.00
