person 49 0 145.00 103.00 209.00 256.00
person 49 0 212.00 187.00 304.00 417.00
person -1 0 365.00 227.00 375.00 274.00
person 70 0 343.00 228.00 361.00 255.00
person -1 0 325.00 231.00 339.00 246.00
person -1 0 308.00 224.00 326.00 243.00
horse 99 0 45.00 199.00 362.00 408.00
person 49 1 167.00 103.00 231.00 256.00
person 49 1 72.00 187.00 164.00 417.00
person -1 1 1.00 227.00 11.00 274.00
person 98 1 15.00 228.00 33.00 255.00
person -1 1 37.00 231.00 51.00 246.00
person -1 1 50.00 224.00 68.00 243.00
horse 88 1 14.00 199.00 331.00 408.00
