person 110 0 310.00 163.00 356.00 220.00
person 98 0 459.00 168.00 497.00 208.00
person 49 0 386.00 177.00 465.00 314.00
chair 89 0 230.00 211.00 274.00 270.00
chair 89 0 302.00 242.00 370.00 320.00
chair 89 0 404.00 234.00 468.00 308.00
chair -1 0 488.00 254.00 500.00 295.00
chair 107 0 36.00 225.00 95.00 304.00
tvmonitor 42 0 195.00 181.00 235.00 212.00
tvmonitor 42 0 112.00 192.00 139.00 238.00
person 98 1 145.00 163.00 191.00 220.00
person 98 1 4.00 168.00 42.00 208.00
person 110 1 36.00 177.00 115.00 314.00
chair 89 1 227.00 211.00 271.00 270.00
chair 89 1 131.00 242.00 199.00 320.00
chair 51 1 33.00 234.00 97.00 308.00
chair -1 1 1.00 254.00 13.00 295.00
chair 107 1 406.00 225.00 465.00 304.00
tvmonitor 42 1 266.00 181.00 306.00 212.00
tvmonitor 42 1 362.00 192.00 389.00 238.00
