person -1 0 394.00 199.00 404.00 223.00
person -1 0 424.00 199.00 436.00 220.00
person -1 0 434.00 196.00 444.00 220.00
person -1 0 443.00 195.00 452.00 220.00
bus 6 0 29.00 113.00 353.00 266.00
aeroplane -1 0 328.00 86.00 474.00 192.00
car -1 0 2.00 213.00 28.00 235.00
person -1 1 97.00 199.00 107.00 223.00
person -1 1 65.00 199.00 77.00 220.00
person -1 1 57.00 196.00 67.00 220.00
person -1 1 49.00 195.00 58.00 220.00
bus 6 1 148.00 113.00 472.00 266.00
aeroplane -1 1 27.00 86.00 173.00 192.00
car -1 1 473.00 213.00 499.00 235.00
