diningtable 45 0 171.00 125.00 500.00 333.00
chair 51 0 392.00 223.00 500.00 333.00
chair 50 0 17.00 218.00 144.00 333.00
person 98 0 31.00 110.00 184.00 333.00
person 70 0 87.00 110.00 181.00 257.00
person 70 0 137.00 103.00 194.00 224.00
person 98 0 174.00 91.00 238.00 190.00
person 70 0 206.00 102.00 245.00 154.00
person 98 0 131.00 39.00 173.00 127.00
person 70 0 256.00 84.00 311.00 129.00
person 70 0 335.00 87.00 369.00 104.00
person 71 0 377.00 85.00 408.00 108.00
person 71 0 455.00 97.00 489.00 137.00
person 98 0 301.00 127.00 465.00 332.00
person 71 0 335.00 103.00 445.00 197.00
person 49 0 328.00 95.00 382.00 179.00
person 57 0 329.00 100.00 357.00 153.00
diningtable 45 1 1.00 125.00 330.00 333.00
chair 68 1 1.00 223.00 109.00 333.00
chair 51 1 357.00 218.00 484.00 333.00
person 98 1 317.00 110.00 470.00 333.00
person 98 1 320.00 110.00 414.00 257.00
person 98 1 307.00 103.00 364.00 224.00
person 98 1 263.00 91.00 327.00 190.00
person 98 1 256.00 102.00 295.00 154.00
person 98 1 328.00 39.00 370.00 127.00
person 70 1 190.00 84.00 245.00 129.00
person 70 1 132.00 87.00 166.00 104.00
person 70 1 93.00 85.00 124.00 108.00
person 70 1 12.00 97.00 46.00 137.00
person 98 1 36.00 127.00 200.00 332.00
person 70 1 56.00 103.00 166.00 197.00
person 70 1 119.00 95.00 173.00 179.00
person 49 1 144.00 100.00 172.00 153.00
