car 106 0 8.00 42.00 500.00 317.00
person 49 0 73.00 14.00 97.00 82.00
person 110 0 103.00 10.00 121.00 75.00
person 110 0 117.00 1.00 134.00 78.00
person -1 0 83.00 3.00 114.00 80.00
person 70 0 38.00 1.00 76.00 83.00
person 70 0 1.00 1.00 46.00 96.00
car 94 1 1.00 42.00 493.00 317.00
person 110 1 404.00 14.00 428.00 82.00
person 49 1 380.00 10.00 398.00 75.00
person 110 1 367.00 1.00 384.00 78.00
person -1 1 387.00 3.00 418.00 80.00
person 70 1 425.00 1.00 463.00 83.00
person 49 1 455.00 1.00 500.00 96.00
