sheep -1 0 155.00 130.00 231.00 175.00
sheep 32 0 36.00 135.00 168.00 227.00
sheep 53 0 55.00 152.00 215.00 249.00
person 98 0 411.00 51.00 463.00 146.00
person 57 0 368.00 49.00 424.00 146.00
person 70 0 323.00 81.00 369.00 133.00
person 98 0 114.00 61.00 171.00 139.00
person 49 0 86.00 60.00 129.00 139.00
dog 109 0 295.00 178.00 382.00 243.00
sheep -1 1 270.00 130.00 346.00 175.00
sheep 108 1 333.00 135.00 465.00 227.00
sheep 53 1 286.00 152.00 446.00 249.00
person 71 1 38.00 51.00 90.00 146.00
person 98 1 77.00 49.00 133.00 146.00
person 70 1 132.00 81.00 178.00 133.00
person 98 1 330.00 61.00 387.00 139.00
person 57 1 372.00 60.00 415.00 139.00
dog 26 1 119.00 178.00 206.00 243.00
