chair -1 0 372.00 277.00 463.00 337.00
chair -1 0 372.00 215.00 468.00 288.00
chair -1 0 478.00 214.00 499.00 278.00
chair -1 0 476.00 274.00 500.00 334.00
chair -1 0 263.00 209.00 288.00 281.00
chair -1 0 262.00 276.00 288.00 331.00
chair -1 0 154.00 205.00 187.00 274.00
chair -1 0 154.00 270.00 187.00 326.00
chair -1 0 65.00 206.00 100.00 277.00
chair -1 0 68.00 269.00 86.00 328.00
chair -1 0 58.00 24.00 86.00 86.00
chair -1 0 52.00 79.00 86.00 158.00
chair -1 0 163.00 26.00 199.00 93.00
chair -1 0 162.00 83.00 194.00 152.00
chair -1 0 274.00 26.00 300.00 92.00
chair -1 0 273.00 88.00 307.00 166.00
chair -1 0 375.00 26.00 400.00 92.00
chair -1 0 374.00 85.00 398.00 153.00
chair -1 0 482.00 27.00 500.00 88.00
chair -1 0 480.00 85.00 500.00 155.00
person 98 0 395.00 209.00 486.00 294.00
person 70 0 271.00 214.00 373.00 291.00
person 71 0 270.00 274.00 372.00 334.00
person -1 0 164.00 269.00 253.00 328.00
person 70 0 171.00 204.00 263.00 278.00
person 71 0 76.00 194.00 164.00 273.00
person 70 0 76.00 273.00 162.00 326.00
person 70 0 67.00 82.00 169.00 160.00
person 70 0 64.00 16.00 162.00 96.00
person 70 0 174.00 17.00 274.00 92.00
person 70 0 172.00 85.00 283.00 184.00
person 70 0 279.00 21.00 376.00 110.00
person 70 0 283.00 94.00 418.00 183.00
person -1 0 388.00 18.00 483.00 96.00
person 71 0 389.00 88.00 500.00 183.00
person -1 0 1.00 20.00 57.00 96.00
person -1 0 3.00 84.00 115.00 178.00
chair -1 1 38.00 277.00 129.00 337.00
chair -1 1 33.00 215.00 129.00 288.00
chair -1 1 2.00 214.00 23.00 278.00
chair -1 1 1.00 274.00 25.00 334.00
chair -1 1 213.00 209.00 238.00 281.00
chair -1 1 213.00 276.00 239.00 331.00
chair -1 1 314.00 205.00 347.00 274.00
chair -1 1 314.00 270.00 347.00 326.00
chair -1 1 401.00 206.00 436.00 277.00
chair -1 1 415.00 269.00 433.00 328.00
chair -1 1 415.00 24.00 443.00 86.00
chair -1 1 415.00 79.00 449.00 158.00
chair -1 1 302.00 26.00 338.00 93.00
chair -1 1 307.00 83.00 339.00 152.00
chair -1 1 201.00 26.00 227.00 92.00
chair -1 1 194.00 88.00 228.00 166.00
chair -1 1 101.00 26.00 126.00 92.00
chair -1 1 103.00 85.00 127.00 153.00
chair -1 1 1.00 27.00 19.00 88.00
chair -1 1 1.00 85.00 21.00 155.00
person 98 1 15.00 209.00 106.00 294.00
person 98 1 128.00 214.00 230.00 291.00
person 70 1 129.00 274.00 231.00 334.00
person -1 1 248.00 269.00 337.00 328.00
person 70 1 238.00 204.00 330.00 278.00
person 98 1 337.00 194.00 425.00 273.00
person 70 1 339.00 273.00 425.00 326.00
person 70 1 332.00 82.00 434.00 160.00
person 70 1 339.00 16.00 437.00 96.00
person 70 1 227.00 17.00 327.00 92.00
person 71 1 218.00 85.00 329.00 184.00
person 70 1 125.00 21.00 222.00 110.00
person 70 1 83.00 94.00 218.00 183.00
person -1 1 18.00 18.00 113.00 96.00
person 98 1 1.00 88.00 112.00 183.00
person -1 1 444.00 20.00 500.00 96.00
person -1 1 386.00 84.00 498.00 178.00
