chair -1 0 124.00 196.00 253.00 305.00
chair -1 0 2.00 305.00 67.00 345.00
person 110 0 52.00 112.00 91.00 183.00
person -1 0 1.00 196.00 118.00 322.00
bottle 82 0 54.00 171.00 77.00 222.00
person 98 0 77.00 101.00 241.00 314.00
person 49 0 217.00 49.00 294.00 304.00
person 49 0 285.00 22.00 361.00 366.00
person 49 0 297.00 3.00 375.00 369.00
chair -1 1 123.00 196.00 252.00 305.00
chair -1 1 309.00 305.00 374.00 345.00
person 57 1 285.00 112.00 324.00 183.00
person -1 1 258.00 196.00 375.00 322.00
bottle 82 1 299.00 171.00 322.00 222.00
person 98 1 135.00 101.00 299.00 314.00
person 57 1 82.00 49.00 159.00 304.00
person 49 1 15.00 22.00 91.00 366.00
person 49 1 1.00 3.00 79.00 369.00
