car 83 0 12.00 224.00 56.00 252.00
car 41 0 1.00 217.00 16.00 264.00
car 83 0 402.00 227.00 426.00 239.00
car 94 0 430.00 225.00 463.00 239.00
car 83 0 141.00 238.00 223.00 276.00
car 106 0 125.00 246.00 477.00 333.00
car -1 0 229.00 225.00 261.00 240.00
car 83 1 445.00 224.00 489.00 252.00
car 41 1 485.00 217.00 500.00 264.00
car 52 1 75.00 227.00 99.00 239.00
car 41 1 38.00 225.00 71.00 239.00
car 41 1 278.00 238.00 360.00 276.00
car 94 1 24.00 246.00 376.00 333.00
car -1 1 240.00 225.00 272.00 240.00
