bicycle 34 0 362.00 217.00 393.00 231.00
bicycle -1 0 340.00 205.00 366.00 218.00
bicycle -1 0 323.00 212.00 351.00 230.00
bicycle -1 0 289.00 203.00 310.00 219.00
bicycle -1 0 274.00 213.00 298.00 229.00
bicycle -1 0 258.00 215.00 268.00 226.00
bicycle -1 0 236.00 214.00 259.00 230.00
bicycle -1 0 209.00 212.00 230.00 230.00
bicycle -1 0 183.00 213.00 201.00 228.00
bicycle -1 0 157.00 216.00 174.00 227.00
bicycle -1 0 134.00 213.00 151.00 227.00
bicycle -1 0 118.00 213.00 133.00 227.00
bicycle -1 0 101.00 210.00 114.00 225.00
bicycle -1 0 86.00 216.00 100.00 225.00
person -1 0 367.00 199.00 386.00 224.00
person -1 0 340.00 190.00 358.00 213.00
person -1 0 327.00 199.00 343.00 223.00
person -1 0 291.00 190.00 305.00 212.00
person -1 0 274.00 199.00 291.00 220.00
person -1 0 250.00 199.00 261.00 213.00
person -1 0 238.00 201.00 254.00 224.00
person -1 0 210.00 200.00 225.00 221.00
person -1 0 183.00 203.00 197.00 220.00
person -1 0 159.00 206.00 170.00 220.00
person -1 0 135.00 202.00 148.00 218.00
person -1 0 119.00 206.00 129.00 219.00
person -1 0 103.00 205.00 112.00 219.00
person -1 0 87.00 202.00 97.00 216.00
bicycle 35 1 108.00 217.00 139.00 231.00
bicycle -1 1 135.00 205.00 161.00 218.00
bicycle -1 1 150.00 212.00 178.00 230.00
bicycle -1 1 191.00 203.00 212.00 219.00
bicycle -1 1 203.00 213.00 227.00 229.00
bicycle -1 1 233.00 215.00 243.00 226.00
bicycle -1 1 242.00 214.00 265.00 230.00
bicycle -1 1 271.00 212.00 292.00 230.00
bicycle -1 1 300.00 213.00 318.00 228.00
bicycle -1 1 327.00 216.00 344.00 227.00
bicycle -1 1 350.00 213.00 367.00 227.00
bicycle -1 1 368.00 213.00 383.00 227.00
bicycle -1 1 387.00 210.00 400.00 225.00
bicycle -1 1 401.00 216.00 415.00 225.00
person -1 1 115.00 199.00 134.00 224.00
person -1 1 143.00 190.00 161.00 213.00
person -1 1 158.00 199.00 174.00 223.00
person -1 1 196.00 190.00 210.00 212.00
person -1 1 210.00 199.00 227.00 220.00
person -1 1 240.00 199.00 251.00 213.00
person -1 1 247.00 201.00 263.00 224.00
person -1 1 276.00 200.00 291.00 221.00
person -1 1 304.00 203.00 318.00 220.00
person -1 1 331.00 206.00 342.00 220.00
person -1 1 353.00 202.00 366.00 218.00
person -1 1 372.00 206.00 382.00 219.00
person -1 1 389.00 205.00 398.00 219.00
person -1 1 404.00 202.00 414.00 216.00
