chair 50 0 207.00 278.00 297.00 375.00
person 110 0 230.00 39.00 308.00 341.00
person 49 0 182.00 131.00 240.00 344.00
person 57 0 15.00 199.00 146.00 372.00
person 98 0 302.00 128.00 391.00 373.00
person 49 0 440.00 128.00 500.00 375.00
person 110 0 393.00 128.00 461.00 369.00
person 49 0 47.00 146.00 149.00 373.00
person 57 0 3.00 151.00 36.00 258.00
chair 51 1 204.00 278.00 294.00 375.00
person 49 1 193.00 39.00 271.00 341.00
person 49 1 261.00 131.00 319.00 344.00
person 98 1 355.00 199.00 486.00 372.00
person 98 1 110.00 128.00 199.00 373.00
person 110 1 1.00 128.00 61.00 375.00
person 49 1 40.00 128.00 108.00 369.00
person 57 1 352.00 146.00 454.00 373.00
person 57 1 465.00 151.00 498.00 258.00
