person 49 0 289.00 100.00 316.00 183.00
person 49 0 241.00 111.00 270.00 180.00
person 110 0 218.00 107.00 236.00 178.00
person 49 0 402.00 67.00 467.00 259.00
person 49 0 65.00 110.00 84.00 161.00
person 49 0 96.00 107.00 114.00 159.00
person 57 0 100.00 78.00 190.00 282.00
person -1 0 273.00 103.00 295.00 182.00
bicycle 34 0 151.00 160.00 310.00 280.00
bus 31 0 2.00 80.00 51.00 135.00
person 49 1 185.00 100.00 212.00 183.00
person 110 1 231.00 111.00 260.00 180.00
person 110 1 265.00 107.00 283.00 178.00
person 49 1 34.00 67.00 99.00 259.00
person 49 1 417.00 110.00 436.00 161.00
person 98 1 387.00 107.00 405.00 159.00
person 57 1 311.00 78.00 401.00 282.00
person -1 1 206.00 103.00 228.00 182.00
bicycle 35 1 191.00 160.00 350.00 280.00
bus 31 1 450.00 80.00 499.00 135.00
