horse 88 0 64.00 161.00 231.00 261.00
horse -1 0 167.00 176.00 268.00 229.00
horse 85 0 235.00 158.00 355.00 260.00
horse 99 0 264.00 156.00 418.00 274.00
horse -1 0 348.00 182.00 461.00 258.00
person 49 0 121.00 133.00 159.00 228.00
person 49 0 215.00 144.00 243.00 227.00
person -1 0 277.00 126.00 315.00 168.00
person 98 0 320.00 121.00 360.00 223.00
person 98 0 373.00 131.00 410.00 192.00
horse 22 1 270.00 161.00 437.00 261.00
horse -1 1 233.00 176.00 334.00 229.00
horse 99 1 146.00 158.00 266.00 260.00
horse 22 1 83.00 156.00 237.00 274.00
horse -1 1 40.00 182.00 153.00 258.00
person 110 1 342.00 133.00 380.00 228.00
person 110 1 258.00 144.00 286.00 227.00
person -1 1 186.00 126.00 224.00 168.00
person 57 1 141.00 121.00 181.00 223.00
person 98 1 91.00 131.00 128.00 192.00
