person 49 0 404.00 30.00 500.00 374.00
person 98 0 386.00 83.00 479.00 374.00
person 70 0 272.00 65.00 415.00 374.00
person 110 0 239.00 55.00 335.00 374.00
person 49 0 165.00 55.00 252.00 374.00
person 49 0 97.00 66.00 193.00 374.00
person 49 0 3.00 26.00 108.00 374.00
person 98 1 1.00 30.00 97.00 374.00
person 57 1 22.00 83.00 115.00 374.00
person 98 1 86.00 65.00 229.00 374.00
person 49 1 166.00 55.00 262.00 374.00
person 110 1 249.00 55.00 336.00 374.00
person 49 1 308.00 66.00 404.00 374.00
person 49 1 393.00 26.00 498.00 374.00
