chair -1 0 381.00 255.00 460.00 375.00
chair -1 0 324.00 186.00 391.00 246.00
chair -1 0 435.00 203.00 482.00 276.00
chair -1 0 191.00 179.00 271.00 234.00
chair -1 0 55.00 191.00 143.00 241.00
chair -1 0 42.00 265.00 201.00 375.00
pottedplant 72 0 188.00 213.00 283.00 286.00
chair -1 1 41.00 255.00 120.00 375.00
chair -1 1 110.00 186.00 177.00 246.00
chair -1 1 19.00 203.00 66.00 276.00
chair -1 1 230.00 179.00 310.00 234.00
chair -1 1 358.00 191.00 446.00 241.00
chair -1 1 300.00 265.00 459.00 375.00
pottedplant 72 1 218.00 213.00 313.00 286.00
