diningtable 65 0 164.00 188.00 429.00 375.00
bottle 10 0 211.00 114.00 241.00 196.00
bottle 10 0 265.00 229.00 288.00 296.00
bottle 10 0 264.00 198.00 284.00 248.00
person 98 0 263.00 99.00 352.00 227.00
person 70 0 334.00 105.00 430.00 254.00
person 98 0 351.00 99.00 500.00 373.00
person 71 0 128.00 101.00 192.00 214.00
person 110 0 55.00 108.00 189.00 373.00
diningtable 100 1 72.00 188.00 337.00 375.00
bottle 10 1 260.00 114.00 290.00 196.00
bottle 10 1 213.00 229.00 236.00 296.00
bottle 10 1 217.00 198.00 237.00 248.00
person 98 1 149.00 99.00 238.00 227.00
person 71 1 71.00 105.00 167.00 254.00
person 98 1 1.00 99.00 150.00 373.00
person 70 1 309.00 101.00 373.00 214.00
person 98 1 312.00 108.00 446.00 373.00
