bus 6 0 217.00 166.00 452.00 280.00
bus 93 0 1.00 171.00 199.00 290.00
car 52 0 355.00 1.00 385.00 20.00
car -1 0 89.00 115.00 174.00 170.00
car -1 0 476.00 125.00 500.00 160.00
car -1 0 52.00 13.00 81.00 39.00
bicycle -1 0 16.00 285.00 80.00 336.00
person 98 0 468.00 315.00 492.00 351.00
person -1 0 459.00 331.00 500.00 372.00
bus 93 1 49.00 166.00 284.00 280.00
bus 93 1 302.00 171.00 500.00 290.00
car 94 1 116.00 1.00 146.00 20.00
car -1 1 327.00 115.00 412.00 170.00
car -1 1 1.00 125.00 25.00 160.00
car -1 1 420.00 13.00 449.00 39.00
bicycle -1 1 421.00 285.00 485.00 336.00
person 57 1 9.00 315.00 33.00 351.00
person -1 1 1.00 331.00 42.00 372.00
