sofa 95 0 168.00 176.00 415.00 282.00
chair 11 0 2.00 189.00 128.00 338.00
chair -1 0 447.00 239.00 500.00 363.00
pottedplant 23 0 1.00 2.00 102.00 249.00
person 49 0 309.00 158.00 387.00 311.00
person 110 0 262.00 153.00 315.00 308.00
person 110 0 215.00 150.00 269.00 301.00
person 57 0 33.00 176.00 154.00 331.00
sofa 95 1 86.00 176.00 333.00 282.00
chair 11 1 373.00 189.00 499.00 338.00
chair -1 1 1.00 239.00 54.00 363.00
pottedplant 23 1 399.00 2.00 500.00 249.00
person 49 1 114.00 158.00 192.00 311.00
person 110 1 186.00 153.00 239.00 308.00
person 110 1 232.00 150.00 286.00 301.00
person 49 1 347.00 176.00 468.00 331.00
