diningtable 45 0 300.00 167.00 397.00 268.00
chair 51 0 407.00 167.00 465.00 252.00
chair 89 0 344.00 172.00 414.00 272.00
chair 51 0 378.00 170.00 441.00 261.00
chair -1 0 210.00 251.00 332.00 375.00
pottedplant -1 0 73.00 160.00 144.00 213.00
bottle -1 0 334.00 160.00 344.00 182.00
person 49 0 190.00 102.00 337.00 375.00
person 98 0 3.00 129.00 124.00 294.00
diningtable 58 1 104.00 167.00 201.00 268.00
chair 50 1 36.00 167.00 94.00 252.00
chair 89 1 87.00 172.00 157.00 272.00
chair 50 1 60.00 170.00 123.00 261.00
chair -1 1 169.00 251.00 291.00 375.00
pottedplant -1 1 357.00 160.00 428.00 213.00
bottle -1 1 157.00 160.00 167.00 182.00
person 49 1 164.00 102.00 311.00 375.00
person 98 1 377.00 129.00 498.00 294.00
