bus 93 0 118.00 338.00 258.00 462.00
bicycle -1 0 309.00 426.00 344.00 454.00
person -1 0 252.00 419.00 262.00 450.00
car 66 0 61.00 404.00 109.00 436.00
car 41 0 41.00 408.00 64.00 430.00
car -1 0 26.00 409.00 43.00 427.00
car -1 0 11.00 408.00 29.00 424.00
bus 6 1 118.00 338.00 258.00 462.00
bicycle -1 1 32.00 426.00 67.00 454.00
person -1 1 114.00 419.00 124.00 450.00
car 106 1 267.00 404.00 315.00 436.00
car 41 1 312.00 408.00 335.00 430.00
car -1 1 333.00 409.00 350.00 427.00
car -1 1 347.00 408.00 365.00 424.00
