bus 31 0 116.00 143.00 297.00 255.00
person 110 0 324.00 185.00 344.00 241.00
person 57 0 344.00 190.00 371.00 249.00
person 110 0 364.00 188.00 385.00 246.00
person 110 0 392.00 193.00 410.00 230.00
person -1 0 445.00 185.00 468.00 208.00
person 98 0 387.00 156.00 500.00 375.00
person 110 0 72.00 194.00 89.00 240.00
person 110 0 1.00 202.00 34.00 327.00
person 98 0 37.00 211.00 61.00 251.00
person 49 0 19.00 196.00 43.00 272.00
bus 116 1 204.00 143.00 385.00 255.00
person 110 1 157.00 185.00 177.00 241.00
person 57 1 130.00 190.00 157.00 249.00
person 110 1 116.00 188.00 137.00 246.00
person 110 1 91.00 193.00 109.00 230.00
person -1 1 33.00 185.00 56.00 208.00
person 98 1 1.00 156.00 114.00 375.00
person 110 1 412.00 194.00 429.00 240.00
person 110 1 467.00 202.00 500.00 327.00
person 98 1 440.00 211.00 464.00 251.00
person 49 1 458.00 196.00 482.00 272.00
