tvmonitor 42 0 102.00 124.00 182.00 189.00
sofa 95 0 146.00 196.00 458.00 375.00
pottedplant 72 0 305.00 2.00 500.00 138.00
pottedplant 23 0 15.00 71.00 66.00 192.00
tvmonitor 42 0 403.00 164.00 472.00 262.00
pottedplant 23 0 189.00 34.00 220.00 71.00
tvmonitor 42 1 319.00 124.00 399.00 189.00
sofa 76 1 43.00 196.00 355.00 375.00
pottedplant 72 1 1.00 2.00 196.00 138.00
pottedplant 23 1 435.00 71.00 486.00 192.00
tvmonitor 120 1 29.00 164.00 98.00 262.00
pottedplant 23 1 281.00 34.00 312.00 71.00
