car 94 0 61.00 179.00 450.00 350.00
person 71 0 160.00 159.00 191.00 221.00
person -1 0 387.00 173.00 411.00 200.00
person 110 0 397.00 166.00 425.00 205.00
boat 84 0 2.00 3.00 231.00 300.00
boat 20 0 23.00 1.00 383.00 216.00
boat 19 0 300.00 2.00 488.00 175.00
car 41 0 423.00 162.00 500.00 259.00
car 52 1 51.00 179.00 440.00 350.00
person 57 1 310.00 159.00 341.00 221.00
person -1 1 90.00 173.00 114.00 200.00
person 98 1 76.00 166.00 104.00 205.00
boat 19 1 270.00 3.00 499.00 300.00
boat 84 1 118.00 1.00 478.00 216.00
boat 20 1 13.00 2.00 201.00 175.00
car 41 1 1.00 162.00 78.00 259.00
