person 71 0 1.00 16.00 340.00 500.00
person 57 0 211.00 334.00 241.00 390.00
person 71 0 199.00 309.00 231.00 351.00
person 71 0 174.00 315.00 210.00 360.00
person 71 0 192.00 354.00 226.00 396.00
person 98 0 153.00 354.00 197.00 398.00
person 98 0 126.00 355.00 160.00 401.00
person 70 0 124.00 319.00 163.00 373.00
person 71 0 147.00 320.00 180.00 355.00
person 71 1 36.00 16.00 375.00 500.00
person 57 1 135.00 334.00 165.00 390.00
person 57 1 145.00 309.00 177.00 351.00
person 71 1 166.00 315.00 202.00 360.00
person 70 1 150.00 354.00 184.00 396.00
person 98 1 179.00 354.00 223.00 398.00
person 57 1 216.00 355.00 250.00 401.00
person 71 1 213.00 319.00 252.00 373.00
person 70 1 196.00 320.00 229.00 355.00
