chair -1 0 393.00 146.00 482.00 227.00
chair -1 0 308.00 149.00 377.00 205.00
chair -1 0 244.00 146.00 289.00 185.00
chair -1 0 196.00 138.00 237.00 177.00
chair 11 0 139.00 214.00 303.00 375.00
chair 11 0 28.00 211.00 167.00 373.00
chair 11 0 1.00 213.00 76.00 323.00
chair -1 0 82.00 97.00 142.00 167.00
diningtable 100 0 5.00 157.00 500.00 375.00
person 110 0 19.00 6.00 93.00 175.00
chair -1 1 19.00 146.00 108.00 227.00
chair -1 1 124.00 149.00 193.00 205.00
chair -1 1 212.00 146.00 257.00 185.00
chair -1 1 264.00 138.00 305.00 177.00
chair 68 1 198.00 214.00 362.00 375.00
chair 11 1 334.00 211.00 473.00 373.00
chair 68 1 425.00 213.00 500.00 323.00
chair -1 1 359.00 97.00 419.00 167.00
diningtable 100 1 1.00 157.00 496.00 375.00
person 98 1 408.00 6.00 482.00 175.00
