chair 50 0 145.00 241.00 500.00 374.00
person 57 0 234.00 135.00 500.00 316.00
person 71 0 305.00 146.00 426.00 267.00
person 70 0 238.00 147.00 356.00 245.00
person 98 0 223.00 149.00 298.00 223.00
person 98 0 76.00 140.00 146.00 266.00
person 98 0 1.00 69.00 178.00 372.00
sofa -1 0 1.00 291.00 107.00 373.00
person 57 0 330.00 107.00 375.00 159.00
person 98 0 50.00 114.00 101.00 185.00
person 70 0 288.00 110.00 321.00 157.00
chair 89 1 1.00 241.00 356.00 374.00
person 98 1 1.00 135.00 267.00 316.00
person 71 1 75.00 146.00 196.00 267.00
person 71 1 145.00 147.00 263.00 245.00
person 98 1 203.00 149.00 278.00 223.00
person 98 1 355.00 140.00 425.00 266.00
person 57 1 323.00 69.00 500.00 372.00
sofa -1 1 394.00 291.00 500.00 373.00
person 57 1 126.00 107.00 171.00 159.00
person 71 1 400.00 114.00 451.00 185.00
person 71 1 180.00 110.00 213.00 157.00
