person 71 0 390.00 174.00 500.00 357.00
person 57 0 254.00 148.00 426.00 327.00
person 71 0 84.00 167.00 247.00 361.00
person -1 0 1.00 307.00 84.00 375.00
diningtable -1 0 54.00 318.00 500.00 375.00
pottedplant 72 0 337.00 57.00 435.00 144.00
pottedplant 72 0 153.00 63.00 227.00 144.00
pottedplant -1 0 98.00 156.00 227.00 244.00
pottedplant -1 0 341.00 173.00 456.00 290.00
person 71 1 1.00 174.00 111.00 357.00
person 57 1 75.00 148.00 247.00 327.00
person 71 1 254.00 167.00 417.00 361.00
person -1 1 417.00 307.00 500.00 375.00
diningtable -1 1 1.00 318.00 447.00 375.00
pottedplant 72 1 66.00 57.00 164.00 144.00
pottedplant 23 1 274.00 63.00 348.00 144.00
pottedplant -1 1 274.00 156.00 403.00 244.00
pottedplant -1 1 45.00 173.00 160.00 290.00
