person 70 0 188.00 131.00 285.00 261.00
person 71 0 256.00 147.00 375.00 269.00
person 70 0 372.00 146.00 475.00 319.00
person 71 0 121.00 138.00 217.00 283.00
person 98 0 2.00 140.00 144.00 354.00
pottedplant 23 0 195.00 1.00 261.00 165.00
diningtable 21 0 1.00 247.00 480.00 375.00
person 70 1 216.00 131.00 313.00 261.00
person 70 1 126.00 147.00 245.00 269.00
person 70 1 26.00 146.00 129.00 319.00
person 70 1 284.00 138.00 380.00 283.00
person 71 1 357.00 140.00 499.00 354.00
pottedplant 23 1 240.00 1.00 306.00 165.00
diningtable 65 1 21.00 247.00 500.00 375.00
