sofa 95 0 235.00 209.00 500.00 361.00
sofa -1 0 447.00 218.00 500.00 291.00
chair 68 0 344.00 280.00 430.00 375.00
chair 89 0 136.00 279.00 243.00 373.00
chair 68 0 1.00 266.00 97.00 375.00
chair 107 0 101.00 236.00 186.00 368.00
chair 68 0 198.00 212.00 244.00 268.00
chair 11 0 135.00 209.00 188.00 264.00
chair -1 0 212.00 200.00 241.00 244.00
diningtable 100 0 1.00 209.00 139.00 334.00
sofa 95 1 1.00 209.00 266.00 361.00
sofa -1 1 1.00 218.00 54.00 291.00
chair 11 1 71.00 280.00 157.00 375.00
chair 68 1 258.00 279.00 365.00 373.00
chair 68 1 404.00 266.00 500.00 375.00
chair 107 1 315.00 236.00 400.00 368.00
chair 68 1 257.00 212.00 303.00 268.00
chair 11 1 313.00 209.00 366.00 264.00
chair -1 1 260.00 200.00 289.00 244.00
diningtable 100 1 362.00 209.00 500.00 334.00
