chair 50 0 203.00 174.00 254.00 273.00
chair -1 0 329.00 174.00 348.00 223.00
chair -1 0 256.00 189.00 306.00 292.00
chair 68 0 263.00 218.00 351.00 329.00
sofa -1 0 401.00 270.00 500.00 375.00
bicycle 37 0 58.00 156.00 94.00 218.00
tvmonitor 111 0 1.00 244.00 43.00 340.00
chair 51 1 247.00 174.00 298.00 273.00
chair -1 1 153.00 174.00 172.00 223.00
chair -1 1 195.00 189.00 245.00 292.00
chair 68 1 150.00 218.00 238.00 329.00
sofa -1 1 1.00 270.00 100.00 375.00
bicycle 37 1 407.00 156.00 443.00 218.00
tvmonitor 120 1 458.00 244.00 500.00 340.00
