boat -1 0 468.00 247.00 482.00 311.00
boat 20 0 272.00 82.00 451.00 340.00
boat -1 0 79.00 99.00 112.00 340.00
boat 15 0 196.00 298.00 252.00 314.00
boat 19 0 139.00 252.00 175.00 315.00
boat 19 0 33.00 213.00 81.00 317.00
boat -1 0 407.00 259.00 446.00 308.00
boat -1 1 19.00 247.00 33.00 311.00
boat 20 1 50.00 82.00 229.00 340.00
boat -1 1 389.00 99.00 422.00 340.00
boat 19 1 249.00 298.00 305.00 314.00
boat 20 1 326.00 252.00 362.00 315.00
boat 20 1 420.00 213.00 468.00 317.00
boat -1 1 55.00 259.00 94.00 308.00
