diningtable 100 0 76.00 174.00 401.00 373.00
person 70 0 330.00 121.00 490.00 318.00
person 98 0 6.00 125.00 131.00 326.00
person 98 0 104.00 117.00 180.00 223.00
person 71 0 231.00 104.00 322.00 195.00
chair 89 0 345.00 253.00 456.00 375.00
chair 51 0 157.00 276.00 281.00 375.00
chair 51 0 282.00 213.00 350.00 346.00
pottedplant 23 0 465.00 72.00 500.00 133.00
diningtable 100 1 100.00 174.00 425.00 373.00
person 98 1 11.00 121.00 171.00 318.00
person 98 1 370.00 125.00 495.00 326.00
person 70 1 321.00 117.00 397.00 223.00
person 98 1 179.00 104.00 270.00 195.00
chair 89 1 45.00 253.00 156.00 375.00
chair 50 1 220.00 276.00 344.00 375.00
chair 89 1 151.00 213.00 219.00 346.00
pottedplant 23 1 1.00 72.00 36.00 133.00
