pottedplant 72 0 1.00 142.00 164.00 371.00
pottedplant 23 0 89.00 90.00 177.00 242.00
pottedplant 7 0 242.00 104.00 267.00 166.00
pottedplant -1 0 213.00 107.00 245.00 159.00
pottedplant -1 0 171.00 113.00 191.00 163.00
pottedplant -1 0 191.00 117.00 206.00 163.00
pottedplant -1 0 206.00 111.00 221.00 162.00
pottedplant 72 1 337.00 142.00 500.00 371.00
pottedplant 23 1 324.00 90.00 412.00 242.00
pottedplant 7 1 234.00 104.00 259.00 166.00
pottedplant -1 1 256.00 107.00 288.00 159.00
pottedplant -1 1 310.00 113.00 330.00 163.00
pottedplant -1 1 295.00 117.00 310.00 163.00
pottedplant -1 1 280.00 111.00 295.00 162.00
