boat 118 0 35.00 153.00 500.00 375.00
bird 48 0 298.00 68.00 422.00 133.00
bird 56 0 248.00 155.00 291.00 222.00
bird -1 0 324.00 182.00 358.00 204.00
bird -1 0 40.00 337.00 121.00 401.00
bird -1 0 60.00 446.00 94.00 477.00
bird -1 0 133.00 364.00 176.00 383.00
bird -1 0 274.00 362.00 320.00 385.00
bird -1 0 369.00 398.00 415.00 426.00
bird -1 0 211.00 447.00 249.00 479.00
boat 118 1 1.00 153.00 466.00 375.00
bird 67 1 79.00 68.00 203.00 133.00
bird 40 1 210.00 155.00 253.00 222.00
bird -1 1 143.00 182.00 177.00 204.00
bird -1 1 380.00 337.00 461.00 401.00
bird -1 1 407.00 446.00 441.00 477.00
bird -1 1 325.00 364.00 368.00 383.00
bird -1 1 181.00 362.00 227.00 385.00
bird -1 1 86.00 398.00 132.00 426.00
bird -1 1 252.00 447.00 290.00 479.00
