bicycle 47 0 101.00 153.00 187.00 280.00
bicycle 47 0 215.00 166.00 302.00 284.00
bicycle 47 0 328.00 173.00 433.00 305.00
bicycle 47 0 274.00 156.00 355.00 262.00
person 57 0 95.00 78.00 189.00 223.00
person 57 0 206.00 82.00 298.00 248.00
person 57 0 326.00 91.00 433.00 247.00
person 57 0 274.00 87.00 349.00 238.00
person 49 0 104.00 2.00 135.00 79.00
person -1 0 370.00 1.00 397.00 64.00
bicycle 46 1 314.00 153.00 400.00 280.00
bicycle 46 1 199.00 166.00 286.00 284.00
bicycle 46 1 68.00 173.00 173.00 305.00
bicycle 46 1 146.00 156.00 227.00 262.00
person 57 1 312.00 78.00 406.00 223.00
person 57 1 203.00 82.00 295.00 248.00
person 57 1 68.00 91.00 175.00 247.00
person 57 1 152.00 87.00 227.00 238.00
person 49 1 366.00 2.00 397.00 79.00
person -1 1 104.00 1.00 131.00 64.00
