horse 85 0 34.00 60.00 375.00 500.00
person 71 0 142.00 19.00 375.00 500.00
person -1 0 349.00 218.00 375.00 298.00
person 49 0 1.00 298.00 57.00 500.00
person 110 0 1.00 270.00 17.00 351.00
person -1 0 116.00 42.00 138.00 77.00
person 98 0 103.00 45.00 117.00 71.00
person -1 0 89.00 35.00 101.00 61.00
horse 92 1 1.00 60.00 342.00 500.00
person 57 1 1.00 19.00 234.00 500.00
person -1 1 1.00 218.00 27.00 298.00
person 49 1 319.00 298.00 375.00 500.00
person 110 1 359.00 270.00 375.00 351.00
person -1 1 238.00 42.00 260.00 77.00
person 70 1 259.00 45.00 273.00 71.00
person -1 1 275.00 35.00 287.00 61.00
