person 49 0 1.00 59.00 68.00 292.00
person 49 0 236.00 29.00 277.00 269.00
person -1 0 273.00 43.00 293.00 78.00
person -1 0 256.00 32.00 334.00 253.00
person 98 0 281.00 61.00 346.00 305.00
person 49 0 331.00 45.00 372.00 304.00
person 57 0 353.00 21.00 429.00 333.00
person 57 0 397.00 20.00 497.00 345.00
person 71 0 135.00 230.00 178.00 278.00
person 70 0 75.00 238.00 121.00 281.00
person 49 1 433.00 59.00 500.00 292.00
person 110 1 224.00 29.00 265.00 269.00
person -1 1 208.00 43.00 228.00 78.00
person -1 1 167.00 32.00 245.00 253.00
person 98 1 155.00 61.00 220.00 305.00
person 110 1 129.00 45.00 170.00 304.00
person 57 1 72.00 21.00 148.00 333.00
person 57 1 4.00 20.00 104.00 345.00
person 70 1 323.00 230.00 366.00 278.00
person 71 1 380.00 238.00 426.00 281.00
