person 71 0 107.00 166.00 299.00 329.00
person 70 0 207.00 25.00 355.00 159.00
person 49 0 277.00 67.00 357.00 226.00
person 49 0 375.00 78.00 500.00 370.00
pottedplant 23 0 401.00 28.00 467.00 125.00
pottedplant 72 0 376.00 57.00 430.00 129.00
pottedplant 72 0 178.00 3.00 238.00 56.00
person 70 1 202.00 166.00 394.00 329.00
person 70 1 146.00 25.00 294.00 159.00
person 110 1 144.00 67.00 224.00 226.00
person 49 1 1.00 78.00 126.00 370.00
pottedplant 23 1 34.00 28.00 100.00 125.00
pottedplant 23 1 71.00 57.00 125.00 129.00
pottedplant 72 1 263.00 3.00 323.00 56.00
