diningtable 100 0 61.00 194.00 325.00 375.00
chair 89 0 2.00 194.00 78.00 374.00
person 98 0 289.00 140.00 480.00 375.00
person 98 0 291.00 130.00 400.00 355.00
person 70 0 197.00 124.00 285.00 199.00
person 49 0 15.00 131.00 133.00 375.00
bottle 10 0 260.00 164.00 280.00 213.00
bottle -1 0 232.00 165.00 246.00 202.00
bottle 1 0 213.00 164.00 230.00 209.00
bottle 13 0 206.00 176.00 221.00 216.00
bottle -1 0 196.00 189.00 210.00 232.00
person 57 0 134.00 180.00 250.00 375.00
diningtable 100 1 176.00 194.00 440.00 375.00
chair 89 1 423.00 194.00 499.00 374.00
person 98 1 21.00 140.00 212.00 375.00
person 98 1 101.00 130.00 210.00 355.00
person 70 1 216.00 124.00 304.00 199.00
person 98 1 368.00 131.00 486.00 375.00
bottle 82 1 221.00 164.00 241.00 213.00
bottle -1 1 255.00 165.00 269.00 202.00
bottle 1 1 271.00 164.00 288.00 209.00
bottle 10 1 280.00 176.00 295.00 216.00
bottle -1 1 291.00 189.00 305.00 232.00
person 57 1 251.00 180.00 367.00 375.00
