bicycle -1 0 465.00 104.00 490.00 166.00
bicycle 17 0 432.00 118.00 465.00 186.00
bicycle 46 0 334.00 128.00 380.00 220.00
bicycle 46 0 177.00 188.00 304.00 319.00
bicycle 34 0 12.00 161.00 181.00 319.00
person 49 0 463.00 67.00 495.00 154.00
person 57 0 431.00 75.00 468.00 171.00
person 57 0 333.00 79.00 387.00 201.00
person 57 0 187.00 106.00 291.00 293.00
person 57 0 27.00 61.00 163.00 280.00
bicycle -1 1 11.00 104.00 36.00 166.00
bicycle 17 1 36.00 118.00 69.00 186.00
bicycle 47 1 121.00 128.00 167.00 220.00
bicycle 47 1 197.00 188.00 324.00 319.00
bicycle 35 1 320.00 161.00 489.00 319.00
person 49 1 6.00 67.00 38.00 154.00
person 57 1 33.00 75.00 70.00 171.00
person 49 1 114.00 79.00 168.00 201.00
person 57 1 210.00 106.00 314.00 293.00
person 57 1 338.00 61.00 474.00 280.00
