boat 118 0 79.00 151.00 351.00 261.00
boat 118 0 288.00 166.00 471.00 251.00
boat 20 0 382.00 4.00 494.00 119.00
boat 15 0 5.00 293.00 259.00 354.00
boat 84 0 138.00 324.00 493.00 373.00
boat 15 0 365.00 293.00 492.00 353.00
person 71 0 222.00 119.00 270.00 176.00
boat 84 0 256.00 286.00 452.00 339.00
boat -1 0 24.00 184.00 124.00 231.00
boat 118 1 150.00 151.00 422.00 261.00
boat 118 1 30.00 166.00 213.00 251.00
boat 84 1 7.00 4.00 119.00 119.00
boat 16 1 242.00 293.00 496.00 354.00
boat 19 1 8.00 324.00 363.00 373.00
boat 16 1 9.00 293.00 136.00 353.00
person 49 1 231.00 119.00 279.00 176.00
boat 20 1 49.00 286.00 245.00 339.00
boat -1 1 377.00 184.00 477.00 231.00
