person -1 0 196.00 130.00 217.00 156.00
person 57 0 159.00 114.00 183.00 161.00
person 70 0 13.00 150.00 30.00 175.00
person -1 0 3.00 161.00 26.00 190.00
person -1 0 2.00 167.00 26.00 203.00
person -1 0 1.00 194.00 29.00 238.00
person -1 0 36.00 155.00 51.00 190.00
person 49 0 44.00 159.00 71.00 214.00
person 71 0 65.00 165.00 107.00 216.00
chair -1 0 101.00 206.00 132.00 253.00
chair -1 0 137.00 239.00 171.00 276.00
chair 107 0 45.00 208.00 91.00 275.00
person 98 0 135.00 154.00 168.00 232.00
person 57 0 204.00 184.00 232.00 275.00
person 49 0 233.00 176.00 281.00 275.00
person 49 0 211.00 147.00 238.00 214.00
person 49 0 248.00 139.00 264.00 195.00
person 110 0 270.00 142.00 283.00 199.00
person -1 0 284.00 137.00 303.00 198.00
person 98 0 279.00 147.00 302.00 204.00
person 98 0 305.00 147.00 327.00 199.00
person 49 0 330.00 137.00 344.00 197.00
person 49 0 341.00 147.00 358.00 200.00
person 49 0 350.00 157.00 370.00 246.00
person 49 0 389.00 151.00 415.00 225.00
person 49 0 377.00 141.00 390.00 207.00
person 49 0 415.00 158.00 432.00 260.00
person 49 0 421.00 141.00 438.00 183.00
person 57 0 444.00 139.00 461.00 166.00
person 98 0 472.00 156.00 496.00 185.00
car 66 0 49.00 135.00 242.00 208.00
person -1 0 446.00 163.00 465.00 182.00
person 49 0 482.00 185.00 500.00 275.00
person 98 0 429.00 187.00 486.00 275.00
person 70 0 332.00 244.00 377.00 276.00
person -1 1 284.00 130.00 305.00 156.00
person 49 1 318.00 114.00 342.00 161.00
person 70 1 471.00 150.00 488.00 175.00
person -1 1 475.00 161.00 498.00 190.00
person -1 1 475.00 167.00 499.00 203.00
person -1 1 472.00 194.00 500.00 238.00
person -1 1 450.00 155.00 465.00 190.00
person 98 1 430.00 159.00 457.00 214.00
person 70 1 394.00 165.00 436.00 216.00
chair -1 1 369.00 206.00 400.00 253.00
chair -1 1 330.00 239.00 364.00 276.00
chair 107 1 410.00 208.00 456.00 275.00
person 98 1 333.00 154.00 366.00 232.00
person 49 1 269.00 184.00 297.00 275.00
person 110 1 220.00 176.00 268.00 275.00
person 49 1 263.00 147.00 290.00 214.00
person 110 1 237.00 139.00 253.00 195.00
person 110 1 218.00 142.00 231.00 199.00
person -1 1 198.00 137.00 217.00 198.00
person 98 1 199.00 147.00 222.00 204.00
person 98 1 174.00 147.00 196.00 199.00
person 110 1 157.00 137.00 171.00 197.00
person 110 1 143.00 147.00 160.00 200.00
person 110 1 131.00 157.00 151.00 246.00
person 110 1 86.00 151.00 112.00 225.00
person 110 1 111.00 141.00 124.00 207.00
person 110 1 69.00 158.00 86.00 260.00
person 57 1 63.00 141.00 80.00 183.00
person 49 1 40.00 139.00 57.00 166.00
person 98 1 5.00 156.00 29.00 185.00
car 66 1 259.00 135.00 452.00 208.00
person -1 1 36.00 163.00 55.00 182.00
person 110 1 1.00 185.00 19.00 275.00
person 98 1 15.00 187.00 72.00 275.00
person 71 1 124.00 244.00 169.00 276.00
