boat 118 0 227.00 1.00 500.00 80.00
boat -1 0 62.00 25.00 140.00 48.00
boat -1 0 1.00 27.00 32.00 64.00
boat 16 0 1.00 93.00 135.00 133.00
boat 20 0 164.00 129.00 328.00 163.00
boat 16 0 40.00 111.00 173.00 164.00
boat 16 0 139.00 138.00 415.00 199.00
boat 16 0 62.00 47.00 132.00 84.00
boat 118 1 1.00 1.00 274.00 80.00
boat -1 1 361.00 25.00 439.00 48.00
boat -1 1 469.00 27.00 500.00 64.00
boat 15 1 366.00 93.00 500.00 133.00
boat 15 1 173.00 129.00 337.00 163.00
boat 15 1 328.00 111.00 461.00 164.00
boat 15 1 86.00 138.00 362.00 199.00
boat 84 1 369.00 47.00 439.00 84.00
