sofa 44 0 91.00 262.00 327.00 375.00
chair 89 0 226.00 196.00 387.00 327.00
pottedplant 23 0 368.00 186.00 428.00 241.00
bottle 1 0 29.00 208.00 58.00 259.00
pottedplant 7 0 164.00 140.00 219.00 276.00
tvmonitor 42 0 143.00 152.00 176.00 191.00
tvmonitor -1 0 112.00 153.00 143.00 189.00
sofa 101 1 174.00 262.00 410.00 375.00
chair 89 1 114.00 196.00 275.00 327.00
pottedplant 72 1 73.00 186.00 133.00 241.00
bottle 1 1 443.00 208.00 472.00 259.00
pottedplant 7 1 282.00 140.00 337.00 276.00
tvmonitor 114 1 325.00 152.00 358.00 191.00
tvmonitor -1 1 358.00 153.00 389.00 189.00
