chair 107 0 331.00 216.00 482.00 375.00
chair -1 0 1.00 282.00 156.00 375.00
chair 68 0 281.00 192.00 329.00 296.00
chair 68 0 240.00 188.00 282.00 287.00
chair 51 0 75.00 208.00 157.00 338.00
chair 51 0 20.00 233.00 86.00 365.00
diningtable 58 0 1.00 234.00 121.00 356.00
bottle 10 0 35.00 210.00 46.00 239.00
chair 68 1 19.00 216.00 170.00 375.00
chair -1 1 345.00 282.00 500.00 375.00
chair 68 1 172.00 192.00 220.00 296.00
chair 11 1 219.00 188.00 261.00 287.00
chair 50 1 344.00 208.00 426.00 338.00
chair 50 1 415.00 233.00 481.00 365.00
diningtable 45 1 380.00 234.00 500.00 356.00
bottle 10 1 455.00 210.00 466.00 239.00
