diningtable 100 0 1.00 269.00 250.00 374.00
person 70 0 100.00 154.00 235.00 286.00
person 110 0 211.00 146.00 303.00 352.00
person 70 0 245.00 154.00 398.00 374.00
pottedplant -1 0 56.00 174.00 100.00 220.00
tvmonitor 42 0 316.00 1.00 418.00 66.00
pottedplant 23 0 344.00 83.00 428.00 214.00
diningtable 12 1 251.00 269.00 500.00 374.00
person 70 1 266.00 154.00 401.00 286.00
person 110 1 198.00 146.00 290.00 352.00
person 71 1 103.00 154.00 256.00 374.00
pottedplant -1 1 401.00 174.00 445.00 220.00
tvmonitor 42 1 83.00 1.00 185.00 66.00
pottedplant 23 1 73.00 83.00 157.00 214.00
