bird 48 0 373.00 163.00 482.00 256.00
bird 33 0 189.00 130.00 234.00 174.00
bird -1 0 96.00 155.00 149.00 188.00
bird -1 0 3.00 167.00 22.00 242.00
bird -1 0 172.00 177.00 237.00 243.00
bird 48 0 256.00 181.00 323.00 273.00
bird -1 0 83.00 227.00 162.00 309.00
bird 40 0 134.00 211.00 210.00 290.00
bird -1 0 118.00 188.00 157.00 226.00
bird 40 1 19.00 163.00 128.00 256.00
bird 33 1 267.00 130.00 312.00 174.00
bird -1 1 352.00 155.00 405.00 188.00
bird -1 1 479.00 167.00 498.00 242.00
bird -1 1 264.00 177.00 329.00 243.00
bird 40 1 178.00 181.00 245.00 273.00
bird -1 1 339.00 227.00 418.00 309.00
bird 48 1 291.00 211.00 367.00 290.00
bird -1 1 344.00 188.00 383.00 226.00
