car 106 0 75.00 102.00 408.00 349.00
car 52 0 267.00 89.00 500.00 248.00
car 41 0 58.00 73.00 105.00 118.00
car 83 0 122.00 76.00 179.00 107.00
car 106 0 190.00 75.00 253.00 107.00
car 66 0 249.00 78.00 312.00 103.00
car -1 0 308.00 79.00 344.00 96.00
car -1 0 293.00 71.00 327.00 82.00
car -1 0 1.00 73.00 26.00 120.00
person 98 0 43.00 58.00 75.00 128.00
person 98 0 458.00 65.00 474.00 99.00
person 57 0 439.00 61.00 458.00 99.00
person -1 0 356.00 64.00 373.00 87.00
person 49 0 284.00 56.00 304.00 102.00
person 110 0 106.00 61.00 125.00 110.00
person 49 0 172.00 60.00 185.00 101.00
person -1 0 196.00 66.00 210.00 85.00
person -1 0 153.00 64.00 162.00 77.00
person -1 0 163.00 64.00 173.00 88.00
car 94 1 93.00 102.00 426.00 349.00
car 94 1 1.00 89.00 234.00 248.00
car 41 1 396.00 73.00 443.00 118.00
car 66 1 322.00 76.00 379.00 107.00
car 94 1 248.00 75.00 311.00 107.00
car 66 1 189.00 78.00 252.00 103.00
car -1 1 157.00 79.00 193.00 96.00
car -1 1 174.00 71.00 208.00 82.00
car -1 1 475.00 73.00 500.00 120.00
person 98 1 426.00 58.00 458.00 128.00
person 49 1 27.00 65.00 43.00 99.00
person 57 1 43.00 61.00 62.00 99.00
person -1 1 128.00 64.00 145.00 87.00
person 49 1 197.00 56.00 217.00 102.00
person 49 1 376.00 61.00 395.00 110.00
person 49 1 316.00 60.00 329.00 101.00
person -1 1 291.00 66.00 305.00 85.00
person -1 1 339.00 64.00 348.00 77.00
person -1 1 328.00 64.00 338.00 88.00
