pottedplant 55 0 31.00 91.00 60.00 122.00
pottedplant 55 0 61.00 92.00 87.00 123.00
pottedplant 105 0 89.00 92.00 121.00 123.00
pottedplant 55 0 75.00 28.00 115.00 93.00
pottedplant -1 0 122.00 73.00 146.00 91.00
pottedplant 72 0 120.00 91.00 150.00 122.00
pottedplant 43 0 150.00 91.00 178.00 122.00
pottedplant -1 0 178.00 87.00 208.00 107.00
pottedplant -1 0 206.00 85.00 233.00 109.00
pottedplant -1 0 232.00 83.00 261.00 108.00
pottedplant -1 0 259.00 69.00 287.00 103.00
pottedplant 105 0 288.00 58.00 320.00 104.00
pottedplant 43 0 315.00 59.00 347.00 95.00
pottedplant 43 0 342.00 50.00 376.00 87.00
pottedplant 43 0 368.00 43.00 394.00 81.00
pottedplant 43 0 391.00 37.00 415.00 72.00
pottedplant 105 0 412.00 19.00 434.00 65.00
pottedplant -1 0 335.00 115.00 358.00 129.00
pottedplant 43 0 351.00 126.00 376.00 155.00
pottedplant -1 0 310.00 108.00 340.00 135.00
pottedplant -1 0 287.00 116.00 316.00 143.00
pottedplant -1 0 263.00 97.00 298.00 120.00
pottedplant 55 0 224.00 103.00 258.00 140.00
pottedplant 72 0 169.00 98.00 222.00 141.00
pottedplant 23 0 127.00 120.00 171.00 148.00
pottedplant 7 0 70.00 119.00 125.00 160.00
pottedplant -1 0 327.00 129.00 355.00 156.00
pottedplant 105 0 323.00 150.00 354.00 186.00
pottedplant 55 0 292.00 158.00 323.00 190.00
pottedplant 7 0 269.00 140.00 295.00 178.00
pottedplant 55 0 227.00 139.00 266.00 184.00
pottedplant -1 0 196.00 140.00 218.00 153.00
pottedplant -1 0 173.00 138.00 195.00 155.00
pottedplant 7 0 211.00 151.00 229.00 176.00
pottedplant 55 0 176.00 152.00 214.00 188.00
pottedplant 7 0 145.00 147.00 176.00 188.00
pottedplant 72 0 70.00 153.00 149.00 213.00
pottedplant 55 1 441.00 91.00 470.00 122.00
pottedplant 55 1 414.00 92.00 440.00 123.00
pottedplant 55 1 380.00 92.00 412.00 123.00
pottedplant 55 1 386.00 28.00 426.00 93.00
pottedplant -1 1 355.00 73.00 379.00 91.00
pottedplant 55 1 351.00 91.00 381.00 122.00
pottedplant 43 1 323.00 91.00 351.00 122.00
pottedplant -1 1 293.00 87.00 323.00 107.00
pottedplant -1 1 268.00 85.00 295.00 109.00
pottedplant -1 1 240.00 83.00 269.00 108.00
pottedplant -1 1 214.00 69.00 242.00 103.00
pottedplant 105 1 181.00 58.00 213.00 104.00
pottedplant 43 1 154.00 59.00 186.00 95.00
pottedplant 72 1 125.00 50.00 159.00 87.00
pottedplant 43 1 107.00 43.00 133.00 81.00
pottedplant 43 1 86.00 37.00 110.00 72.00
pottedplant 105 1 67.00 19.00 89.00 65.00
pottedplant -1 1 143.00 115.00 166.00 129.00
pottedplant 43 1 125.00 126.00 150.00 155.00
pottedplant -1 1 161.00 108.00 191.00 135.00
pottedplant -1 1 185.00 116.00 214.00 143.00
pottedplant -1 1 203.00 97.00 238.00 120.00
pottedplant 23 1 243.00 103.00 277.00 140.00
pottedplant 23 1 279.00 98.00 332.00 141.00
pottedplant 23 1 330.00 120.00 374.00 148.00
pottedplant 7 1 376.00 119.00 431.00 160.00
pottedplant -1 1 146.00 129.00 174.00 156.00
pottedplant 105 1 147.00 150.00 178.00 186.00
pottedplant 55 1 178.00 158.00 209.00 190.00
pottedplant 7 1 206.00 140.00 232.00 178.00
pottedplant 55 1 235.00 139.00 274.00 184.00
pottedplant -1 1 283.00 140.00 305.00 153.00
pottedplant -1 1 306.00 138.00 328.00 155.00
pottedplant 7 1 272.00 151.00 290.00 176.00
pottedplant 55 1 287.00 152.00 325.00 188.00
pottedplant 105 1 325.00 147.00 356.00 188.00
pottedplant 23 1 352.00 153.00 431.00 213.00
