chair -1 0 342.00 220.00 419.00 290.00
chair -1 0 469.00 275.00 500.00 376.00
chair -1 0 436.00 301.00 479.00 376.00
chair -1 0 178.00 237.00 242.00 324.00
chair -1 0 101.00 254.00 186.00 356.00
chair -1 0 85.00 353.00 172.00 376.00
diningtable 21 0 136.00 277.00 446.00 376.00
chair -1 1 82.00 220.00 159.00 290.00
chair -1 1 1.00 275.00 32.00 376.00
chair -1 1 22.00 301.00 65.00 376.00
chair -1 1 259.00 237.00 323.00 324.00
chair -1 1 315.00 254.00 400.00 356.00
chair -1 1 329.00 353.00 416.00 376.00
diningtable 21 1 55.00 277.00 365.00 376.00
