diningtable 45 0 12.00 201.00 385.00 333.00
person 98 0 344.00 110.00 446.00 273.00
person 71 0 262.00 86.00 360.00 199.00
person 70 0 130.00 125.00 200.00 202.00
person 98 0 212.00 131.00 288.00 202.00
person 98 0 5.00 110.00 132.00 333.00
bottle 1 0 72.00 168.00 95.00 237.00
bottle -1 0 109.00 177.00 126.00 217.00
bottle -1 0 127.00 174.00 143.00 210.00
bottle -1 0 261.00 174.00 278.00 204.00
chair 50 0 398.00 191.00 488.00 283.00
diningtable 45 1 116.00 201.00 489.00 333.00
person 98 1 55.00 110.00 157.00 273.00
person 98 1 141.00 86.00 239.00 199.00
person 98 1 301.00 125.00 371.00 202.00
person 98 1 213.00 131.00 289.00 202.00
person 110 1 369.00 110.00 496.00 333.00
bottle 1 1 406.00 168.00 429.00 237.00
bottle -1 1 375.00 177.00 392.00 217.00
bottle -1 1 358.00 174.00 374.00 210.00
bottle -1 1 223.00 174.00 240.00 204.00
chair 51 1 13.00 191.00 103.00 283.00
