person 98 0 125.00 128.00 276.00 433.00
person 98 0 195.00 336.00 382.00 500.00
person 49 0 264.00 259.00 339.00 355.00
person 110 0 315.00 242.00 412.00 424.00
person 49 0 17.00 238.00 128.00 410.00
diningtable -1 0 17.00 425.00 423.00 500.00
pottedplant -1 0 334.00 77.00 423.00 363.00
person 70 1 148.00 128.00 299.00 433.00
person 98 1 42.00 336.00 229.00 500.00
person 49 1 85.00 259.00 160.00 355.00
person 110 1 12.00 242.00 109.00 424.00
person 49 1 296.00 238.00 407.00 410.00
diningtable -1 1 1.00 425.00 407.00 500.00
pottedplant -1 1 1.00 77.00 90.00 363.00
