sheep 59 0 270.00 153.00 334.00 208.00
sheep 53 0 231.00 153.00 269.00 209.00
sheep 53 0 179.00 149.00 206.00 210.00
sheep 32 0 151.00 142.00 180.00 210.00
sheep -1 0 206.00 150.00 239.00 212.00
person 49 0 335.00 93.00 400.00 218.00
dog 18 0 253.00 177.00 302.00 238.00
sheep 59 1 167.00 153.00 231.00 208.00
sheep 108 1 232.00 153.00 270.00 209.00
sheep 119 1 295.00 149.00 322.00 210.00
sheep 119 1 321.00 142.00 350.00 210.00
sheep -1 1 262.00 150.00 295.00 212.00
person 49 1 101.00 93.00 166.00 218.00
dog 18 1 199.00 177.00 248.00 238.00
