sheep 59 0 269.00 262.00 312.00 311.00
sheep 53 0 222.00 252.00 247.00 297.00
sheep 53 0 168.00 258.00 198.00 291.00
sheep 32 0 150.00 243.00 173.00 267.00
sheep -1 0 4.00 255.00 33.00 274.00
sheep 32 0 355.00 234.00 380.00 248.00
sheep -1 0 143.00 245.00 160.00 255.00
sheep -1 0 107.00 240.00 124.00 253.00
sheep -1 0 38.00 246.00 61.00 261.00
sheep -1 0 15.00 248.00 31.00 262.00
sheep -1 0 325.00 227.00 339.00 238.00
sheep -1 0 386.00 225.00 400.00 237.00
sheep -1 0 414.00 228.00 431.00 242.00
sheep -1 0 447.00 227.00 463.00 238.00
sheep -1 0 472.00 223.00 486.00 237.00
sheep 53 1 189.00 262.00 232.00 311.00
sheep 108 1 254.00 252.00 279.00 297.00
sheep 119 1 303.00 258.00 333.00 291.00
sheep 108 1 328.00 243.00 351.00 267.00
sheep -1 1 468.00 255.00 497.00 274.00
sheep 59 1 121.00 234.00 146.00 248.00
sheep -1 1 341.00 245.00 358.00 255.00
sheep -1 1 377.00 240.00 394.00 253.00
sheep -1 1 440.00 246.00 463.00 261.00
sheep -1 1 470.00 248.00 486.00 262.00
sheep -1 1 162.00 227.00 176.00 238.00
sheep -1 1 101.00 225.00 115.00 237.00
sheep -1 1 70.00 228.00 87.00 242.00
sheep -1 1 38.00 227.00 54.00 238.00
sheep -1 1 15.00 223.00 29.00 237.00
