chair -1 0 414.00 86.00 486.00 164.00
diningtable 100 0 180.00 92.00 429.00 163.00
diningtable 45 0 104.00 163.00 500.00 375.00
person -1 0 1.00 3.00 220.00 344.00
person 70 0 79.00 1.00 225.00 177.00
person 70 0 268.00 33.00 316.00 74.00
person 70 0 313.00 12.00 363.00 108.00
person 98 0 362.00 3.00 427.00 124.00
person 98 0 424.00 36.00 456.00 76.00
chair -1 0 477.00 75.00 500.00 148.00
chair -1 1 15.00 86.00 87.00 164.00
diningtable 45 1 72.00 92.00 321.00 163.00
diningtable 45 1 1.00 163.00 397.00 375.00
person -1 1 281.00 3.00 500.00 344.00
person 71 1 276.00 1.00 422.00 177.00
person 70 1 185.00 33.00 233.00 74.00
person 98 1 138.00 12.00 188.00 108.00
person 98 1 74.00 3.00 139.00 124.00
person 98 1 45.00 36.00 77.00 76.00
chair -1 1 1.00 75.00 24.00 148.00
