car 94 0 105.00 170.00 180.00 205.00
car 83 0 187.00 186.00 232.00 207.00
bus -1 0 166.00 165.00 234.00 204.00
bus -1 0 265.00 152.00 327.00 216.00
motorbike 62 0 225.00 168.00 262.00 216.00
motorbike -1 0 295.00 184.00 313.00 215.00
motorbike -1 0 354.00 193.00 368.00 219.00
person 98 0 226.00 130.00 262.00 196.00
person 110 0 296.00 159.00 317.00 205.00
person -1 0 351.00 169.00 371.00 212.00
car 52 1 246.00 170.00 321.00 205.00
car 83 1 194.00 186.00 239.00 207.00
bus -1 1 192.00 165.00 260.00 204.00
bus -1 1 99.00 152.00 161.00 216.00
motorbike 63 1 164.00 168.00 201.00 216.00
motorbike -1 1 113.00 184.00 131.00 215.00
motorbike -1 1 58.00 193.00 72.00 219.00
person 98 1 164.00 130.00 200.00 196.00
person 49 1 109.00 159.00 130.00 205.00
person -1 1 55.00 169.00 75.00 212.00
