motorbike 64 0 351.00 42.00 471.00 106.00
motorbike 28 0 334.00 116.00 500.00 331.00
motorbike 28 0 181.00 133.00 358.00 322.00
person 71 0 192.00 100.00 348.00 265.00
person 57 0 320.00 67.00 493.00 279.00
person 98 0 343.00 4.00 416.00 100.00
person 98 0 170.00 56.00 271.00 159.00
person -1 0 209.00 45.00 292.00 100.00
motorbike 64 1 30.00 42.00 150.00 106.00
motorbike 63 1 1.00 116.00 167.00 331.00
motorbike 62 1 143.00 133.00 320.00 322.00
person 98 1 153.00 100.00 309.00 265.00
person 57 1 8.00 67.00 181.00 279.00
person 57 1 85.00 4.00 158.00 100.00
person 57 1 230.00 56.00 331.00 159.00
person -1 1 209.00 45.00 292.00 100.00
