person 49 0 26.00 14.00 54.00 114.00
person 110 0 190.00 27.00 268.00 214.00
person 57 0 74.00 95.00 200.00 358.00
person 98 0 155.00 196.00 343.00 500.00
person 49 0 333.00 32.00 373.00 255.00
bicycle 34 0 85.00 231.00 200.00 428.00
bicycle 17 0 149.00 358.00 340.00 500.00
person 49 1 322.00 14.00 350.00 114.00
person 110 1 108.00 27.00 186.00 214.00
person 57 1 176.00 95.00 302.00 358.00
person 98 1 33.00 196.00 221.00 500.00
person 49 1 3.00 32.00 43.00 255.00
bicycle 35 1 176.00 231.00 291.00 428.00
bicycle 17 1 36.00 358.00 227.00 500.00
