bus 6 0 388.00 2.00 500.00 124.00
bus 93 0 273.00 1.00 390.00 78.00
bus 116 0 82.00 2.00 189.00 63.00
person 70 0 455.00 23.00 480.00 99.00
person 110 0 323.00 29.00 349.00 98.00
person 110 0 233.00 32.00 258.00 85.00
person 110 0 207.00 29.00 230.00 82.00
person 98 0 190.00 46.00 208.00 82.00
person 110 0 130.00 32.00 153.00 66.00
person 49 0 59.00 27.00 79.00 65.00
person 49 0 77.00 18.00 97.00 64.00
person 110 0 48.00 26.00 61.00 67.00
person 49 0 35.00 29.00 54.00 68.00
person 49 0 1.00 18.00 19.00 69.00
person 98 0 16.00 20.00 37.00 70.00
bus 116 1 1.00 2.00 113.00 124.00
bus 6 1 111.00 1.00 228.00 78.00
bus 6 1 312.00 2.00 419.00 63.00
person 70 1 21.00 23.00 46.00 99.00
person 110 1 152.00 29.00 178.00 98.00
person 98 1 243.00 32.00 268.00 85.00
person 98 1 271.00 29.00 294.00 82.00
person 49 1 293.00 46.00 311.00 82.00
person 49 1 348.00 32.00 371.00 66.00
person 110 1 422.00 27.00 442.00 65.00
person 49 1 404.00 18.00 424.00 64.00
person 110 1 440.00 26.00 453.00 67.00
person 110 1 447.00 29.00 466.00 68.00
person 49 1 482.00 18.00 500.00 69.00
person 98 1 464.00 20.00 485.00 70.00
