bicycle -1 0 211.00 299.00 235.00 419.00
person 49 0 200.00 238.00 247.00 391.00
person -1 0 156.00 253.00 167.00 291.00
person 98 0 139.00 252.00 153.00 291.00
car 52 0 1.00 247.00 149.00 418.00
car -1 0 3.00 350.00 57.00 473.00
car -1 0 195.00 265.00 205.00 298.00
bicycle -1 1 141.00 299.00 165.00 419.00
person 49 1 129.00 238.00 176.00 391.00
person -1 1 209.00 253.00 220.00 291.00
person 98 1 223.00 252.00 237.00 291.00
car 83 1 227.00 247.00 375.00 418.00
car -1 1 319.00 350.00 373.00 473.00
car -1 1 171.00 265.00 181.00 298.00
