bicycle -1 0 1.00 135.00 32.00 261.00
bicycle 47 0 28.00 169.00 86.00 248.00
bicycle -1 0 111.00 181.00 179.00 261.00
bicycle 47 0 137.00 164.00 303.00 303.00
bicycle 47 0 253.00 187.00 433.00 316.00
person 57 0 274.00 100.00 402.00 275.00
person 71 0 145.00 66.00 284.00 266.00
person 57 0 28.00 121.00 85.00 214.00
person -1 0 2.00 82.00 29.00 161.00
person 49 0 117.00 131.00 167.00 259.00
car -1 0 335.00 46.00 364.00 58.00
car -1 0 358.00 43.00 382.00 57.00
car -1 0 379.00 39.00 400.00 50.00
bicycle -1 1 469.00 135.00 500.00 261.00
bicycle 46 1 415.00 169.00 473.00 248.00
bicycle -1 1 322.00 181.00 390.00 261.00
bicycle 46 1 198.00 164.00 364.00 303.00
bicycle 46 1 68.00 187.00 248.00 316.00
person 57 1 99.00 100.00 227.00 275.00
person 57 1 217.00 66.00 356.00 266.00
person 57 1 416.00 121.00 473.00 214.00
person -1 1 472.00 82.00 499.00 161.00
person 57 1 334.00 131.00 384.00 259.00
car -1 1 137.00 46.00 166.00 58.00
car -1 1 119.00 43.00 143.00 57.00
car -1 1 101.00 39.00 122.00 50.00
