boat 16 0 33.00 171.00 118.00 225.00
boat 16 0 172.00 143.00 242.00 189.00
boat -1 0 225.00 140.00 259.00 160.00
boat -1 0 252.00 121.00 297.00 142.00
boat -1 0 254.00 105.00 319.00 131.00
boat -1 0 291.00 92.00 340.00 118.00
boat 15 0 327.00 123.00 380.00 159.00
boat 15 0 369.00 150.00 442.00 196.00
boat 84 0 348.00 191.00 444.00 289.00
boat 15 1 383.00 171.00 468.00 225.00
boat 15 1 259.00 143.00 329.00 189.00
boat -1 1 242.00 140.00 276.00 160.00
boat -1 1 204.00 121.00 249.00 142.00
boat -1 1 182.00 105.00 247.00 131.00
boat -1 1 161.00 92.00 210.00 118.00
boat 16 1 121.00 123.00 174.00 159.00
boat 16 1 59.00 150.00 132.00 196.00
boat 20 1 57.00 191.00 153.00 289.00
