sheep 32 0 250.00 71.00 335.00 134.00
sheep 32 0 174.00 88.00 252.00 157.00
sheep 53 0 107.00 31.00 155.00 100.00
sheep 119 0 402.00 16.00 464.00 53.00
sheep 59 0 256.00 185.00 344.00 249.00
sheep 59 0 172.00 188.00 256.00 249.00
sheep 59 0 340.00 219.00 405.00 272.00
sheep 32 0 404.00 221.00 467.00 277.00
sheep 59 0 115.00 211.00 157.00 273.00
sheep 59 1 166.00 71.00 251.00 134.00
sheep 53 1 249.00 88.00 327.00 157.00
sheep 59 1 346.00 31.00 394.00 100.00
sheep 53 1 37.00 16.00 99.00 53.00
sheep 59 1 157.00 185.00 245.00 249.00
sheep 59 1 245.00 188.00 329.00 249.00
sheep 59 1 96.00 219.00 161.00 272.00
sheep 59 1 34.00 221.00 97.00 277.00
sheep 59 1 344.00 211.00 386.00 273.00
