horse -1 0 429.00 160.00 500.00 359.00
person 71 0 312.00 1.00 430.00 153.00
person 110 0 3.00 1.00 41.00 209.00
person 49 0 35.00 1.00 72.00 89.00
person 98 0 418.00 170.00 447.00 218.00
person 70 0 411.00 174.00 428.00 194.00
person 57 0 389.00 181.00 424.00 228.00
person 98 0 216.00 117.00 250.00 165.00
horse -1 1 1.00 160.00 72.00 359.00
person 98 1 71.00 1.00 189.00 153.00
person 110 1 460.00 1.00 498.00 209.00
person 49 1 429.00 1.00 466.00 89.00
person 98 1 54.00 170.00 83.00 218.00
person 71 1 73.00 174.00 90.00 194.00
person 98 1 77.00 181.00 112.00 228.00
person 71 1 251.00 117.00 285.00 165.00
