bottle 13 0 395.00 46.00 443.00 198.00
chair -1 0 430.00 57.00 500.00 171.00
chair -1 0 64.00 58.00 174.00 119.00
diningtable 12 0 5.00 99.00 497.00 334.00
chair -1 0 163.00 22.00 309.00 113.00
pottedplant -1 0 93.00 1.00 194.00 60.00
bottle 36 0 398.00 114.00 434.00 219.00
bottle 13 1 58.00 46.00 106.00 198.00
chair -1 1 1.00 57.00 71.00 171.00
chair -1 1 327.00 58.00 437.00 119.00
diningtable 12 1 4.00 99.00 496.00 334.00
chair -1 1 192.00 22.00 338.00 113.00
pottedplant -1 1 307.00 1.00 408.00 60.00
bottle 36 1 67.00 114.00 103.00 219.00
