sheep 53 0 1.00 270.00 82.00 329.00
sheep 53 0 236.00 275.00 294.00 326.00
sheep 32 0 180.00 275.00 235.00 365.00
sheep -1 0 132.00 261.00 167.00 287.00
sheep -1 0 104.00 252.00 116.00 269.00
sheep -1 0 56.00 254.00 82.00 275.00
sheep -1 0 23.00 263.00 42.00 274.00
sheep -1 0 8.00 254.00 25.00 271.00
sheep -1 0 30.00 256.00 45.00 269.00
sheep -1 0 203.00 256.00 215.00 267.00
sheep -1 0 165.00 260.00 183.00 281.00
sheep -1 0 217.00 259.00 231.00 266.00
sheep -1 0 255.00 264.00 270.00 278.00
sheep -1 0 270.00 266.00 287.00 276.00
sheep -1 0 361.00 264.00 376.00 276.00
sheep -1 0 338.00 262.00 351.00 272.00
sheep -1 0 324.00 262.00 342.00 274.00
sheep -1 0 312.00 260.00 323.00 274.00
sheep -1 0 297.00 259.00 312.00 274.00
sheep 53 1 419.00 270.00 500.00 329.00
sheep 53 1 207.00 275.00 265.00 326.00
sheep 119 1 266.00 275.00 321.00 365.00
sheep -1 1 334.00 261.00 369.00 287.00
sheep -1 1 385.00 252.00 397.00 269.00
sheep -1 1 419.00 254.00 445.00 275.00
sheep -1 1 459.00 263.00 478.00 274.00
sheep -1 1 476.00 254.00 493.00 271.00
sheep -1 1 456.00 256.00 471.00 269.00
sheep -1 1 286.00 256.00 298.00 267.00
sheep -1 1 318.00 260.00 336.00 281.00
sheep -1 1 270.00 259.00 284.00 266.00
sheep -1 1 231.00 264.00 246.00 278.00
sheep -1 1 214.00 266.00 231.00 276.00
sheep -1 1 125.00 264.00 140.00 276.00
sheep -1 1 150.00 262.00 163.00 272.00
sheep -1 1 159.00 262.00 177.00 274.00
sheep -1 1 178.00 260.00 189.00 274.00
sheep -1 1 189.00 259.00 204.00 274.00
