person 57 0 394.00 28.00 422.00 98.00
person 110 0 361.00 8.00 381.00 91.00
person 98 0 342.00 8.00 362.00 85.00
person 70 0 278.00 2.00 308.00 70.00
person -1 0 250.00 1.00 271.00 58.00
person 98 0 117.00 72.00 188.00 177.00
person 57 0 222.00 84.00 270.00 173.00
person 71 0 27.00 240.00 99.00 329.00
person 71 0 56.00 309.00 126.00 375.00
horse 85 0 181.00 101.00 337.00 288.00
horse 85 0 111.00 87.00 213.00 259.00
horse 99 0 1.00 239.00 216.00 375.00
horse 99 0 121.00 300.00 227.00 375.00
person 71 1 79.00 28.00 107.00 98.00
person 49 1 120.00 8.00 140.00 91.00
person 49 1 139.00 8.00 159.00 85.00
person 98 1 193.00 2.00 223.00 70.00
person -1 1 230.00 1.00 251.00 58.00
person 71 1 313.00 72.00 384.00 177.00
person 49 1 231.00 84.00 279.00 173.00
person 71 1 402.00 240.00 474.00 329.00
person 70 1 375.00 309.00 445.00 375.00
horse 92 1 164.00 101.00 320.00 288.00
horse 92 1 288.00 87.00 390.00 259.00
horse 99 1 285.00 239.00 500.00 375.00
horse 99 1 274.00 300.00 380.00 375.00
