car 83 0 397.00 195.00 478.00 243.00
car 83 0 298.00 195.00 335.00 227.00
car -1 0 278.00 207.00 299.00 226.00
car -1 0 227.00 208.00 248.00 225.00
car 41 0 108.00 212.00 147.00 238.00
car -1 0 153.00 208.00 171.00 224.00
car 83 0 22.00 209.00 48.00 226.00
car -1 0 55.00 212.00 74.00 225.00
car -1 0 76.00 203.00 103.00 224.00
motorbike 63 0 167.00 206.00 225.00 289.00
person 49 0 174.00 177.00 225.00 267.00
car -1 0 248.00 207.00 264.00 222.00
car -1 0 263.00 207.00 275.00 219.00
car 41 1 23.00 195.00 104.00 243.00
car 41 1 166.00 195.00 203.00 227.00
car -1 1 202.00 207.00 223.00 226.00
car -1 1 253.00 208.00 274.00 225.00
car 41 1 354.00 212.00 393.00 238.00
car -1 1 330.00 208.00 348.00 224.00
car 83 1 453.00 209.00 479.00 226.00
car -1 1 427.00 212.00 446.00 225.00
car -1 1 398.00 203.00 425.00 224.00
motorbike 62 1 276.00 206.00 334.00 289.00
person 49 1 276.00 177.00 327.00 267.00
car -1 1 237.00 207.00 253.00 222.00
car -1 1 226.00 207.00 238.00 219.00
