chair 107 0 428.00 248.00 450.00 298.00
chair 11 0 329.00 274.00 366.00 326.00
chair 11 0 226.00 304.00 267.00 370.00
chair 11 0 344.00 251.00 378.00 296.00
chair -1 0 93.00 331.00 146.00 373.00
chair -1 0 384.00 266.00 415.00 308.00
chair 107 0 288.00 294.00 326.00 347.00
diningtable 58 0 365.00 246.00 411.00 292.00
diningtable 100 0 147.00 313.00 222.00 371.00
person 110 0 255.00 241.00 285.00 334.00
person 71 0 95.00 302.00 167.00 375.00
person 49 0 205.00 298.00 235.00 372.00
person 98 0 185.00 273.00 217.00 319.00
person 110 0 287.00 273.00 339.00 345.00
person 110 0 384.00 242.00 415.00 296.00
person 49 0 477.00 195.00 500.00 273.00
person 49 0 400.00 227.00 436.00 297.00
boat -1 0 266.00 85.00 323.00 101.00
chair 107 1 51.00 248.00 73.00 298.00
chair 68 1 135.00 274.00 172.00 326.00
chair 68 1 234.00 304.00 275.00 370.00
chair 11 1 123.00 251.00 157.00 296.00
chair -1 1 355.00 331.00 408.00 373.00
chair -1 1 86.00 266.00 117.00 308.00
chair 107 1 175.00 294.00 213.00 347.00
diningtable 58 1 90.00 246.00 136.00 292.00
diningtable 45 1 279.00 313.00 354.00 371.00
person 110 1 216.00 241.00 246.00 334.00
person 98 1 334.00 302.00 406.00 375.00
person 57 1 266.00 298.00 296.00 372.00
person 49 1 284.00 273.00 316.00 319.00
person 98 1 162.00 273.00 214.00 345.00
person 110 1 86.00 242.00 117.00 296.00
person 49 1 1.00 195.00 24.00 273.00
person 57 1 65.00 227.00 101.00 297.00
boat -1 1 178.00 85.00 235.00 101.00
