chair 107 0 133.00 29.00 339.00 262.00
bird 67 0 139.00 40.00 172.00 71.00
bird -1 0 181.00 104.00 204.00 130.00
bird -1 0 155.00 194.00 232.00 235.00
bird -1 0 21.00 213.00 55.00 245.00
bird -1 0 84.00 202.00 119.00 238.00
bird -1 0 54.00 218.00 87.00 252.00
bird -1 0 112.00 209.00 143.00 246.00
chair 107 1 62.00 29.00 268.00 262.00
bird 40 1 229.00 40.00 262.00 71.00
bird -1 1 197.00 104.00 220.00 130.00
bird -1 1 169.00 194.00 246.00 235.00
bird -1 1 346.00 213.00 380.00 245.00
bird -1 1 282.00 202.00 317.00 238.00
bird -1 1 314.00 218.00 347.00 252.00
bird -1 1 258.00 209.00 289.00 246.00
