motorbike 63 0 310.00 194.00 404.00 291.00
motorbike 63 0 176.00 175.00 291.00 324.00
motorbike 63 0 118.00 174.00 160.00 235.00
motorbike -1 0 87.00 163.00 119.00 206.00
person 57 0 323.00 156.00 389.00 235.00
person 98 0 194.00 143.00 257.00 280.00
person 57 0 125.00 151.00 157.00 214.00
person -1 0 96.00 151.00 118.00 194.00
car 41 0 1.00 163.00 60.00 219.00
car -1 0 40.00 159.00 65.00 178.00
car 106 0 319.00 174.00 435.00 229.00
car 41 0 1.00 206.00 43.00 365.00
motorbike -1 0 74.00 162.00 86.00 184.00
motorbike -1 0 164.00 168.00 186.00 209.00
motorbike 62 1 97.00 194.00 191.00 291.00
motorbike 62 1 210.00 175.00 325.00 324.00
motorbike 28 1 341.00 174.00 383.00 235.00
motorbike -1 1 382.00 163.00 414.00 206.00
person 57 1 112.00 156.00 178.00 235.00
person 98 1 244.00 143.00 307.00 280.00
person 57 1 344.00 151.00 376.00 214.00
person -1 1 383.00 151.00 405.00 194.00
car 41 1 441.00 163.00 500.00 219.00
car -1 1 436.00 159.00 461.00 178.00
car 94 1 66.00 174.00 182.00 229.00
car 41 1 458.00 206.00 500.00 365.00
motorbike -1 1 415.00 162.00 427.00 184.00
motorbike -1 1 315.00 168.00 337.00 209.00
