bus 6 0 256.00 147.00 500.00 274.00
car 41 0 341.00 207.00 500.00 375.00
car 41 0 196.00 224.00 233.00 251.00
car -1 0 176.00 224.00 196.00 241.00
person 49 0 139.00 223.00 150.00 266.00
person 49 0 120.00 223.00 135.00 265.00
person 49 0 104.00 226.00 119.00 266.00
person 110 0 81.00 219.00 100.00 263.00
bus 6 1 1.00 147.00 245.00 274.00
car 41 1 1.00 207.00 160.00 375.00
car 41 1 268.00 224.00 305.00 251.00
car -1 1 305.00 224.00 325.00 241.00
person 49 1 351.00 223.00 362.00 266.00
person 49 1 366.00 223.00 381.00 265.00
person 49 1 382.00 226.00 397.00 266.00
person 49 1 401.00 219.00 420.00 263.00
