bird 4 0 366.00 50.00 413.00 89.00
bird 40 0 318.00 71.00 362.00 104.00
bird -1 0 268.00 124.00 299.00 158.00
bird -1 0 224.00 137.00 250.00 170.00
bird -1 0 98.00 141.00 114.00 163.00
bird -1 0 128.00 117.00 149.00 140.00
bird -1 0 150.00 110.00 167.00 141.00
bird 40 1 88.00 50.00 135.00 89.00
bird 67 1 139.00 71.00 183.00 104.00
bird -1 1 202.00 124.00 233.00 158.00
bird -1 1 251.00 137.00 277.00 170.00
bird -1 1 387.00 141.00 403.00 163.00
bird -1 1 352.00 117.00 373.00 140.00
bird -1 1 334.00 110.00 351.00 141.00
