person 71 0 157.00 83.00 337.00 310.00
person 98 0 1.00 103.00 98.00 337.00
bottle 10 0 246.00 238.00 276.00 344.00
bottle 13 0 10.00 248.00 40.00 355.00
bottle 10 0 243.00 129.00 272.00 236.00
bottle 25 0 242.00 19.00 272.00 124.00
diningtable 21 0 5.00 283.00 499.00 375.00
diningtable -1 0 82.00 234.00 203.00 325.00
chair -1 0 92.00 196.00 171.00 319.00
person 70 1 164.00 83.00 344.00 310.00
person 57 1 403.00 103.00 500.00 337.00
bottle 10 1 225.00 238.00 255.00 344.00
bottle 13 1 461.00 248.00 491.00 355.00
bottle 10 1 229.00 129.00 258.00 236.00
bottle 25 1 229.00 19.00 259.00 124.00
diningtable 21 1 2.00 283.00 496.00 375.00
diningtable -1 1 298.00 234.00 419.00 325.00
chair -1 1 330.00 196.00 409.00 319.00
