car 106 0 32.00 57.00 464.00 366.00
car 83 0 273.00 61.00 500.00 276.00
car -1 0 438.00 77.00 500.00 111.00
person 98 0 257.00 57.00 334.00 141.00
person 71 0 244.00 57.00 279.00 114.00
person 98 0 1.00 70.00 35.00 243.00
chair -1 0 445.00 280.00 500.00 375.00
car 94 1 37.00 57.00 469.00 366.00
car 66 1 1.00 61.00 228.00 276.00
car -1 1 1.00 77.00 63.00 111.00
person 70 1 167.00 57.00 244.00 141.00
person 70 1 222.00 57.00 257.00 114.00
person 98 1 466.00 70.00 500.00 243.00
chair -1 1 1.00 280.00 56.00 375.00
