person 70 0 46.00 71.00 128.00 202.00
person 57 0 86.00 92.00 176.00 214.00
person 57 0 153.00 85.00 196.00 202.00
person 57 0 156.00 160.00 249.00 356.00
person 98 0 99.00 156.00 185.00 363.00
person 98 0 231.00 208.00 389.00 375.00
person 71 0 244.00 174.00 297.00 265.00
person 49 0 350.00 92.00 430.00 365.00
person 49 0 297.00 87.00 360.00 322.00
person 98 0 240.00 103.00 308.00 221.00
person 49 0 191.00 85.00 266.00 204.00
person 71 0 245.00 78.00 305.00 118.00
person 70 0 329.00 83.00 372.00 120.00
person 71 1 373.00 71.00 455.00 202.00
person 57 1 325.00 92.00 415.00 214.00
person 70 1 305.00 85.00 348.00 202.00
person 57 1 252.00 160.00 345.00 356.00
person 57 1 316.00 156.00 402.00 363.00
person 98 1 112.00 208.00 270.00 375.00
person 71 1 204.00 174.00 257.00 265.00
person 110 1 71.00 92.00 151.00 365.00
person 110 1 141.00 87.00 204.00 322.00
person 98 1 193.00 103.00 261.00 221.00
person 49 1 235.00 85.00 310.00 204.00
person 71 1 196.00 78.00 256.00 118.00
person 70 1 129.00 83.00 172.00 120.00
