diningtable 45 0 50.00 268.00 375.00 500.00
chair -1 0 68.00 213.00 134.00 274.00
chair -1 0 262.00 238.00 315.00 301.00
chair -1 0 312.00 249.00 374.00 323.00
chair 50 0 11.00 249.00 124.00 473.00
chair 50 0 39.00 270.00 193.00 500.00
chair 68 0 250.00 403.00 375.00 500.00
diningtable 45 1 1.00 268.00 326.00 500.00
chair -1 1 242.00 213.00 308.00 274.00
chair -1 1 61.00 238.00 114.00 301.00
chair -1 1 2.00 249.00 64.00 323.00
chair 51 1 252.00 249.00 365.00 473.00
chair 51 1 183.00 270.00 337.00 500.00
chair 68 1 1.00 403.00 126.00 500.00
