bicycle 17 0 132.00 179.00 227.00 341.00
bicycle 17 0 5.00 156.00 117.00 265.00
bicycle 17 0 23.00 181.00 92.00 328.00
bicycle 17 0 376.00 202.00 482.00 372.00
bicycle 35 0 270.00 174.00 323.00 311.00
bicycle 35 0 291.00 197.00 383.00 337.00
person 57 0 132.00 44.00 245.00 337.00
person 98 0 8.00 90.00 113.00 315.00
person 110 0 69.00 73.00 104.00 213.00
person 110 0 100.00 68.00 142.00 258.00
person 57 0 266.00 78.00 344.00 305.00
person 49 0 306.00 92.00 402.00 332.00
person 57 0 381.00 84.00 486.00 361.00
bicycle 17 1 274.00 179.00 369.00 341.00
bicycle 17 1 384.00 156.00 496.00 265.00
bicycle 17 1 409.00 181.00 478.00 328.00
bicycle 35 1 19.00 202.00 125.00 372.00
bicycle 34 1 178.00 174.00 231.00 311.00
bicycle 34 1 118.00 197.00 210.00 337.00
person 57 1 256.00 44.00 369.00 337.00
person 57 1 388.00 90.00 493.00 315.00
person 110 1 397.00 73.00 432.00 213.00
person 110 1 359.00 68.00 401.00 258.00
person 57 1 157.00 78.00 235.00 305.00
person 57 1 99.00 92.00 195.00 332.00
person 57 1 15.00 84.00 120.00 361.00
