person 70 0 101.00 151.00 151.00 188.00
person 57 0 183.00 150.00 226.00 202.00
person 110 0 437.00 1.00 500.00 374.00
person 57 0 1.00 68.00 207.00 375.00
person 57 0 199.00 101.00 383.00 304.00
person 71 0 316.00 110.00 468.00 246.00
bottle 13 0 309.00 256.00 365.00 375.00
bottle 25 0 274.00 229.00 313.00 322.00
bottle 82 0 472.00 199.00 493.00 265.00
diningtable -1 0 2.00 237.00 500.00 375.00
person 70 1 350.00 151.00 400.00 188.00
person 49 1 275.00 150.00 318.00 202.00
person 49 1 1.00 1.00 64.00 374.00
person 57 1 294.00 68.00 500.00 375.00
person 57 1 118.00 101.00 302.00 304.00
person 70 1 33.00 110.00 185.00 246.00
bottle 13 1 136.00 256.00 192.00 375.00
bottle 25 1 188.00 229.00 227.00 322.00
bottle 82 1 8.00 199.00 29.00 265.00
diningtable -1 1 1.00 237.00 499.00 375.00
