horse -1 0 352.00 204.00 500.00 255.00
horse 85 0 174.00 156.00 305.00 312.00
horse 22 0 153.00 90.00 230.00 222.00
horse -1 0 224.00 86.00 266.00 163.00
person 71 0 422.00 173.00 474.00 231.00
person 98 0 181.00 3.00 250.00 126.00
person 71 0 240.00 97.00 326.00 306.00
person 110 0 1.00 103.00 40.00 291.00
horse -1 1 1.00 204.00 149.00 255.00
horse 85 1 196.00 156.00 327.00 312.00
horse 85 1 271.00 90.00 348.00 222.00
horse -1 1 235.00 86.00 277.00 163.00
person 70 1 27.00 173.00 79.00 231.00
person 57 1 251.00 3.00 320.00 126.00
person 98 1 175.00 97.00 261.00 306.00
person 49 1 461.00 103.00 500.00 291.00
