chair 68 0 114.00 213.00 223.00 370.00
chair 11 0 226.00 206.00 323.00 349.00
chair 11 0 394.00 193.00 465.00 278.00
chair 11 0 15.00 200.00 118.00 355.00
chair 89 0 468.00 191.00 500.00 238.00
diningtable 100 0 33.00 167.00 300.00 305.00
person 110 0 334.00 100.00 399.00 285.00
chair 107 1 278.00 213.00 387.00 370.00
chair 11 1 178.00 206.00 275.00 349.00
chair 11 1 36.00 193.00 107.00 278.00
chair 11 1 383.00 200.00 486.00 355.00
chair 89 1 1.00 191.00 33.00 238.00
diningtable 100 1 201.00 167.00 468.00 305.00
person 110 1 102.00 100.00 167.00 285.00
