car 41 0 1.00 132.00 30.00 171.00
car 83 0 26.00 131.00 69.00 160.00
car 83 0 58.00 125.00 110.00 157.00
car 41 0 258.00 118.00 285.00 140.00
car 66 0 218.00 126.00 265.00 160.00
car 83 0 266.00 128.00 363.00 203.00
car 41 0 332.00 139.00 375.00 241.00
car 41 1 346.00 132.00 375.00 171.00
car 83 1 307.00 131.00 350.00 160.00
car 41 1 266.00 125.00 318.00 157.00
car 41 1 91.00 118.00 118.00 140.00
car 83 1 111.00 126.00 158.00 160.00
car 83 1 13.00 128.00 110.00 203.00
car 41 1 1.00 139.00 44.00 241.00
