person 98 0 29.00 115.00 155.00 260.00
person 98 0 141.00 114.00 245.00 243.00
person 70 0 279.00 129.00 351.00 222.00
person 71 0 337.00 131.00 409.00 216.00
diningtable 65 0 1.00 200.00 500.00 375.00
pottedplant 105 0 262.00 262.00 306.00 305.00
pottedplant 105 0 319.00 261.00 357.00 307.00
pottedplant 105 0 343.00 248.00 377.00 291.00
person 57 1 346.00 115.00 472.00 260.00
person 98 1 256.00 114.00 360.00 243.00
person 70 1 150.00 129.00 222.00 222.00
person 98 1 92.00 131.00 164.00 216.00
diningtable 100 1 1.00 200.00 500.00 375.00
pottedplant 105 1 195.00 262.00 239.00 305.00
pottedplant 23 1 144.00 261.00 182.00 307.00
pottedplant 105 1 124.00 248.00 158.00 291.00
