car 106 0 19.00 60.00 496.00 302.00
car 41 0 451.00 89.00 500.00 186.00
car -1 0 366.00 112.00 458.00 142.00
tvmonitor -1 0 20.00 72.00 54.00 100.00
person -1 0 27.00 82.00 58.00 116.00
person -1 0 321.00 89.00 345.00 123.00
person 110 0 377.00 90.00 390.00 121.00
person 49 0 397.00 93.00 419.00 141.00
person -1 0 423.00 95.00 438.00 114.00
person 98 0 431.00 115.00 453.00 152.00
car 94 1 5.00 60.00 482.00 302.00
car 41 1 1.00 89.00 50.00 186.00
car -1 1 43.00 112.00 135.00 142.00
tvmonitor -1 1 447.00 72.00 481.00 100.00
person -1 1 443.00 82.00 474.00 116.00
person -1 1 156.00 89.00 180.00 123.00
person 49 1 111.00 90.00 124.00 121.00
person 110 1 82.00 93.00 104.00 141.00
person -1 1 63.00 95.00 78.00 114.00
person 98 1 48.00 115.00 70.00 152.00
