car 52 0 4.00 172.00 150.00 277.00
car -1 0 10.00 169.00 128.00 202.00
car 66 0 139.00 189.00 218.00 272.00
person 110 0 167.00 152.00 216.00 286.00
person 98 0 242.00 164.00 297.00 288.00
person 49 0 233.00 164.00 254.00 282.00
person 98 0 295.00 180.00 335.00 283.00
person 98 0 332.00 162.00 373.00 287.00
person 49 0 376.00 176.00 404.00 286.00
car 83 1 351.00 172.00 497.00 277.00
car -1 1 373.00 169.00 491.00 202.00
car 66 1 283.00 189.00 362.00 272.00
person 110 1 285.00 152.00 334.00 286.00
person 49 1 204.00 164.00 259.00 288.00
person 110 1 247.00 164.00 268.00 282.00
person 98 1 166.00 180.00 206.00 283.00
person 98 1 128.00 162.00 169.00 287.00
person 110 1 97.00 176.00 125.00 286.00
