car 83 0 317.00 215.00 465.00 292.00
car 83 0 107.00 227.00 145.00 259.00
car 83 0 144.00 233.00 201.00 266.00
car -1 0 72.00 231.00 113.00 254.00
car -1 0 200.00 227.00 274.00 263.00
person 49 0 214.00 220.00 236.00 269.00
person -1 0 197.00 217.00 217.00 272.00
person -1 0 479.00 214.00 500.00 319.00
person 49 0 468.00 224.00 484.00 269.00
person -1 0 457.00 223.00 473.00 268.00
car -1 0 2.00 216.00 25.00 270.00
car 106 1 36.00 215.00 184.00 292.00
car 41 1 356.00 227.00 394.00 259.00
car 66 1 300.00 233.00 357.00 266.00
car -1 1 388.00 231.00 429.00 254.00
car -1 1 227.00 227.00 301.00 263.00
person 49 1 265.00 220.00 287.00 269.00
person -1 1 284.00 217.00 304.00 272.00
person -1 1 1.00 214.00 22.00 319.00
person 49 1 17.00 224.00 33.00 269.00
person -1 1 28.00 223.00 44.00 268.00
car -1 1 476.00 216.00 499.00 270.00
