motorbike 79 0 150.00 136.00 475.00 436.00
person 57 0 157.00 13.00 421.00 343.00
person 49 0 146.00 70.00 173.00 122.00
person 70 0 115.00 64.00 135.00 124.00
person 98 0 98.00 78.00 125.00 124.00
person 110 0 67.00 66.00 89.00 127.00
person 98 0 38.00 76.00 72.00 128.00
person -1 0 11.00 76.00 37.00 126.00
person 110 0 186.00 70.00 202.00 123.00
person -1 0 200.00 68.00 219.00 115.00
person -1 0 380.00 92.00 397.00 112.00
person -1 0 371.00 88.00 386.00 114.00
person -1 0 424.00 85.00 442.00 112.00
person -1 0 406.00 91.00 422.00 113.00
motorbike 64 1 26.00 136.00 351.00 436.00
person 57 1 80.00 13.00 344.00 343.00
person 98 1 328.00 70.00 355.00 122.00
person 98 1 366.00 64.00 386.00 124.00
person 98 1 376.00 78.00 403.00 124.00
person 49 1 412.00 66.00 434.00 127.00
person 98 1 429.00 76.00 463.00 128.00
person -1 1 464.00 76.00 490.00 126.00
person 49 1 299.00 70.00 315.00 123.00
person -1 1 282.00 68.00 301.00 115.00
person -1 1 104.00 92.00 121.00 112.00
person -1 1 115.00 88.00 130.00 114.00
person -1 1 59.00 85.00 77.00 112.00
person -1 1 79.00 91.00 95.00 113.00
