bottle -1 0 272.00 26.00 281.00 42.00
bottle -1 0 284.00 26.00 293.00 41.00
bottle 36 0 330.00 11.00 348.00 64.00
bottle 36 0 316.00 15.00 332.00 56.00
bottle -1 0 303.00 16.00 316.00 47.00
bottle -1 0 291.00 19.00 303.00 51.00
bottle -1 0 275.00 22.00 291.00 57.00
bottle 82 0 263.00 24.00 275.00 69.00
bottle 36 0 249.00 25.00 265.00 70.00
bottle 13 0 480.00 188.00 500.00 231.00
bottle 25 0 467.00 186.00 485.00 253.00
bottle 25 0 448.00 184.00 468.00 253.00
bottle 25 0 428.00 186.00 447.00 252.00
bottle 25 0 415.00 181.00 432.00 242.00
person 70 0 98.00 46.00 500.00 333.00
bottle -1 1 220.00 26.00 229.00 42.00
bottle -1 1 208.00 26.00 217.00 41.00
bottle 36 1 153.00 11.00 171.00 64.00
bottle 36 1 169.00 15.00 185.00 56.00
bottle -1 1 185.00 16.00 198.00 47.00
bottle -1 1 198.00 19.00 210.00 51.00
bottle -1 1 210.00 22.00 226.00 57.00
bottle 82 1 226.00 24.00 238.00 69.00
bottle 36 1 236.00 25.00 252.00 70.00
bottle 13 1 1.00 188.00 21.00 231.00
bottle 25 1 16.00 186.00 34.00 253.00
bottle 25 1 33.00 184.00 53.00 253.00
bottle 25 1 54.00 186.00 73.00 252.00
bottle 36 1 69.00 181.00 86.00 242.00
person 71 1 1.00 46.00 403.00 333.00
