pottedplant -1 0 18.00 1.00 106.00 88.00
pottedplant -1 0 1.00 40.00 25.00 84.00
pottedplant 72 0 120.00 19.00 216.00 116.00
pottedplant 7 0 176.00 48.00 234.00 125.00
pottedplant 55 0 169.00 121.00 240.00 243.00
pottedplant 55 0 110.00 278.00 250.00 493.00
pottedplant -1 1 270.00 1.00 358.00 88.00
pottedplant -1 1 351.00 40.00 375.00 84.00
pottedplant 23 1 160.00 19.00 256.00 116.00
pottedplant 43 1 142.00 48.00 200.00 125.00
pottedplant 55 1 136.00 121.00 207.00 243.00
pottedplant 55 1 126.00 278.00 266.00 493.00
