person 57 0 184.00 10.00 384.00 305.00
pottedplant 7 0 1.00 2.00 196.00 296.00
pottedplant -1 0 242.00 99.00 500.00 367.00
pottedplant -1 0 305.00 12.00 500.00 372.00
pottedplant -1 0 360.00 30.00 500.00 358.00
pottedplant 105 0 117.00 37.00 170.00 164.00
person 57 1 117.00 10.00 317.00 305.00
pottedplant 55 1 305.00 2.00 500.00 296.00
pottedplant -1 1 1.00 99.00 259.00 367.00
pottedplant -1 1 1.00 12.00 196.00 372.00
pottedplant -1 1 1.00 30.00 141.00 358.00
pottedplant 105 1 331.00 37.00 384.00 164.00
