diningtable 12 0 85.00 180.00 429.00 280.00
diningtable -1 0 1.00 269.00 467.00 375.00
person 49 0 433.00 183.00 500.00 375.00
person 49 0 408.00 112.00 497.00 304.00
person 49 0 380.00 107.00 437.00 241.00
person 49 0 335.00 124.00 394.00 225.00
person 70 0 212.00 122.00 301.00 181.00
person 71 0 120.00 115.00 167.00 213.00
person 98 0 68.00 114.00 135.00 225.00
person 98 0 1.00 107.00 121.00 241.00
person 57 0 1.00 181.00 98.00 362.00
diningtable 12 1 72.00 180.00 416.00 280.00
diningtable -1 1 34.00 269.00 500.00 375.00
person 49 1 1.00 183.00 68.00 375.00
person 57 1 4.00 112.00 93.00 304.00
person 110 1 64.00 107.00 121.00 241.00
person 49 1 107.00 124.00 166.00 225.00
person 70 1 200.00 122.00 289.00 181.00
person 57 1 334.00 115.00 381.00 213.00
person 98 1 366.00 114.00 433.00 225.00
person 98 1 380.00 107.00 500.00 241.00
person 57 1 403.00 181.00 500.00 362.00
