chair 107 0 291.00 198.00 418.00 281.00
chair 68 0 210.00 254.00 418.00 375.00
sofa 95 0 175.00 156.00 357.00 216.00
pottedplant 23 0 323.00 1.00 423.00 222.00
pottedplant 23 0 373.00 57.00 421.00 184.00
pottedplant 7 0 113.00 40.00 177.00 206.00
pottedplant -1 0 167.00 50.00 198.00 175.00
person 49 0 270.00 50.00 300.00 118.00
person 49 0 245.00 59.00 269.00 116.00
chair 89 1 83.00 198.00 210.00 281.00
chair 68 1 83.00 254.00 291.00 375.00
sofa 95 1 144.00 156.00 326.00 216.00
pottedplant 23 1 78.00 1.00 178.00 222.00
pottedplant 23 1 80.00 57.00 128.00 184.00
pottedplant 105 1 324.00 40.00 388.00 206.00
pottedplant -1 1 303.00 50.00 334.00 175.00
person 98 1 201.00 50.00 231.00 118.00
person 49 1 232.00 59.00 256.00 116.00
