car 83 0 1.00 57.00 499.00 355.00
car -1 0 405.00 216.00 500.00 375.00
person 49 0 338.00 8.00 373.00 131.00
person 49 0 404.00 7.00 445.00 132.00
person -1 0 373.00 99.00 415.00 155.00
person 70 0 419.00 108.00 474.00 167.00
person 98 0 377.00 22.00 411.00 105.00
person 49 0 444.00 29.00 488.00 126.00
person 49 0 286.00 18.00 320.00 65.00
person -1 0 203.00 28.00 229.00 56.00
person 98 0 179.00 23.00 207.00 57.00
person 70 0 143.00 27.00 174.00 56.00
person 49 0 118.00 15.00 136.00 58.00
person -1 0 67.00 27.00 100.00 67.00
person 98 0 29.00 33.00 61.00 91.00
person -1 0 85.00 31.00 116.00 61.00
person 110 0 316.00 19.00 341.00 71.00
person 110 0 367.00 19.00 393.00 104.00
car 41 1 2.00 57.00 500.00 355.00
car -1 1 1.00 216.00 96.00 375.00
person 110 1 128.00 8.00 163.00 131.00
person 49 1 56.00 7.00 97.00 132.00
person -1 1 86.00 99.00 128.00 155.00
person 71 1 27.00 108.00 82.00 167.00
person 98 1 90.00 22.00 124.00 105.00
person 110 1 13.00 29.00 57.00 126.00
person 49 1 181.00 18.00 215.00 65.00
person -1 1 272.00 28.00 298.00 56.00
person 71 1 294.00 23.00 322.00 57.00
person 70 1 327.00 27.00 358.00 56.00
person 98 1 365.00 15.00 383.00 58.00
person -1 1 401.00 27.00 434.00 67.00
person 57 1 440.00 33.00 472.00 91.00
person -1 1 385.00 31.00 416.00 61.00
person 98 1 160.00 19.00 185.00 71.00
person 110 1 108.00 19.00 134.00 104.00
