sofa -1 0 1.00 174.00 284.00 374.00
pottedplant 23 0 112.00 115.00 197.00 274.00
pottedplant 105 0 390.00 45.00 441.00 262.00
cat 77 0 238.00 81.00 277.00 137.00
cat 78 0 33.00 250.00 215.00 335.00
chair -1 0 272.00 241.00 438.00 375.00
person 49 0 194.00 111.00 305.00 371.00
sofa -1 1 217.00 174.00 500.00 374.00
pottedplant 23 1 304.00 115.00 389.00 274.00
pottedplant 7 1 60.00 45.00 111.00 262.00
cat 78 1 224.00 81.00 263.00 137.00
cat 78 1 286.00 250.00 468.00 335.00
chair -1 1 63.00 241.00 229.00 375.00
person 110 1 196.00 111.00 307.00 371.00
