boat 20 0 46.00 14.00 500.00 322.00
boat -1 0 448.00 269.00 479.00 288.00
boat -1 0 340.00 211.00 362.00 229.00
boat -1 0 366.00 226.00 398.00 247.00
boat -1 0 416.00 227.00 434.00 241.00
boat -1 0 436.00 227.00 451.00 238.00
boat -1 0 459.00 228.00 470.00 242.00
boat 19 1 1.00 14.00 455.00 322.00
boat -1 1 22.00 269.00 53.00 288.00
boat -1 1 139.00 211.00 161.00 229.00
boat -1 1 103.00 226.00 135.00 247.00
boat -1 1 67.00 227.00 85.00 241.00
boat -1 1 50.00 227.00 65.00 238.00
boat -1 1 31.00 228.00 42.00 242.00
