diningtable 12 0 3.00 21.00 375.00 497.00
chair -1 0 35.00 9.00 96.00 119.00
chair -1 0 85.00 5.00 118.00 81.00
chair -1 0 240.00 12.00 266.00 51.00
chair -1 0 251.00 41.00 275.00 75.00
chair -1 0 266.00 29.00 313.00 91.00
chair -1 0 275.00 66.00 312.00 120.00
chair -1 0 298.00 56.00 366.00 138.00
chair -1 0 307.00 80.00 375.00 192.00
bottle 1 0 183.00 1.00 200.00 35.00
bottle 1 0 174.00 68.00 209.00 198.00
diningtable 12 1 1.00 21.00 373.00 497.00
chair -1 1 280.00 9.00 341.00 119.00
chair -1 1 258.00 5.00 291.00 81.00
chair -1 1 110.00 12.00 136.00 51.00
chair -1 1 101.00 41.00 125.00 75.00
chair -1 1 63.00 29.00 110.00 91.00
chair -1 1 64.00 66.00 101.00 120.00
chair -1 1 10.00 56.00 78.00 138.00
chair -1 1 1.00 80.00 69.00 192.00
bottle 1 1 176.00 1.00 193.00 35.00
bottle 1 1 167.00 68.00 202.00 198.00
