bottle 25 0 135.00 98.00 173.00 195.00
bottle 1 0 118.00 142.00 136.00 195.00
chair 68 0 370.00 156.00 500.00 327.00
chair 11 0 339.00 125.00 429.00 273.00
chair -1 0 369.00 89.00 407.00 161.00
person 98 0 121.00 30.00 150.00 107.00
person 110 0 148.00 22.00 182.00 106.00
person 71 0 201.00 18.00 245.00 86.00
person 70 0 243.00 23.00 288.00 87.00
person -1 0 358.00 64.00 396.00 112.00
person 98 0 282.00 89.00 401.00 288.00
person 71 0 242.00 85.00 309.00 175.00
person 70 0 33.00 73.00 210.00 333.00
person 98 0 220.00 82.00 263.00 177.00
person 57 0 197.00 77.00 239.00 175.00
bottle 25 1 328.00 98.00 366.00 195.00
bottle 1 1 365.00 142.00 383.00 195.00
chair 68 1 1.00 156.00 131.00 327.00
chair 11 1 72.00 125.00 162.00 273.00
chair -1 1 94.00 89.00 132.00 161.00
person 98 1 351.00 30.00 380.00 107.00
person 98 1 319.00 22.00 353.00 106.00
person 70 1 256.00 18.00 300.00 86.00
person 70 1 213.00 23.00 258.00 87.00
person -1 1 105.00 64.00 143.00 112.00
person 98 1 100.00 89.00 219.00 288.00
person 70 1 192.00 85.00 259.00 175.00
person 70 1 291.00 73.00 468.00 333.00
person 70 1 238.00 82.00 281.00 177.00
person 110 1 262.00 77.00 304.00 175.00
