car 94 0 68.00 115.00 442.00 234.00
person 71 0 297.00 131.00 330.00 159.00
person 110 0 460.00 50.00 482.00 146.00
person -1 0 451.00 51.00 465.00 82.00
person 49 0 419.00 59.00 439.00 145.00
person 110 0 398.00 58.00 421.00 144.00
person 98 0 424.00 60.00 470.00 198.00
person 98 0 337.00 48.00 387.00 135.00
person 70 0 282.00 64.00 342.00 121.00
person 98 0 267.00 70.00 295.00 115.00
person 70 0 231.00 61.00 269.00 121.00
person 71 0 198.00 64.00 224.00 140.00
person 98 0 143.00 59.00 182.00 149.00
person 71 0 122.00 67.00 153.00 151.00
person 70 0 47.00 60.00 86.00 174.00
person 49 0 19.00 69.00 58.00 183.00
person 49 0 2.00 65.00 16.00 181.00
car 52 1 59.00 115.00 433.00 234.00
person 70 1 171.00 131.00 204.00 159.00
person 110 1 19.00 50.00 41.00 146.00
person -1 1 36.00 51.00 50.00 82.00
person 49 1 62.00 59.00 82.00 145.00
person 110 1 80.00 58.00 103.00 144.00
person 98 1 31.00 60.00 77.00 198.00
person 98 1 114.00 48.00 164.00 135.00
person 70 1 159.00 64.00 219.00 121.00
person 98 1 206.00 70.00 234.00 115.00
person 71 1 232.00 61.00 270.00 121.00
person 98 1 277.00 64.00 303.00 140.00
person 98 1 319.00 59.00 358.00 149.00
person 98 1 348.00 67.00 379.00 151.00
person 98 1 415.00 60.00 454.00 174.00
person 98 1 443.00 69.00 482.00 183.00
person 110 1 485.00 65.00 499.00 181.00
