person -1 0 425.00 230.00 500.00 375.00
person 57 0 198.00 131.00 350.00 368.00
person 57 0 146.00 138.00 262.00 278.00
person 70 0 1.00 124.00 105.00 206.00
diningtable 12 0 1.00 194.00 346.00 375.00
chair -1 0 330.00 216.00 402.00 375.00
chair -1 0 103.00 169.00 150.00 195.00
pottedplant 23 0 220.00 103.00 270.00 160.00
pottedplant 72 0 212.00 43.00 261.00 99.00
pottedplant 105 0 175.00 46.00 208.00 109.00
pottedplant 55 0 148.00 10.00 196.00 71.00
pottedplant 55 0 153.00 124.00 188.00 184.00
person -1 1 1.00 230.00 76.00 375.00
person 98 1 151.00 131.00 303.00 368.00
person 57 1 239.00 138.00 355.00 278.00
person 71 1 396.00 124.00 500.00 206.00
diningtable 12 1 155.00 194.00 500.00 375.00
chair -1 1 99.00 216.00 171.00 375.00
chair -1 1 351.00 169.00 398.00 195.00
pottedplant 23 1 231.00 103.00 281.00 160.00
pottedplant 72 1 240.00 43.00 289.00 99.00
pottedplant 105 1 293.00 46.00 326.00 109.00
pottedplant 55 1 305.00 10.00 353.00 71.00
pottedplant 7 1 313.00 124.00 348.00 184.00
