car 83 0 272.00 319.00 320.00 348.00
car 106 0 371.00 311.00 398.00 330.00
car 106 0 423.00 313.00 464.00 335.00
car 83 0 459.00 313.00 496.00 334.00
car -1 0 419.00 299.00 440.00 319.00
car 41 0 318.00 310.00 347.00 337.00
car -1 0 288.00 302.00 306.00 318.00
car -1 0 217.00 320.00 252.00 345.00
car -1 0 175.00 306.00 202.00 329.00
car 66 0 98.00 310.00 139.00 327.00
car -1 0 86.00 295.00 111.00 312.00
person 98 0 151.00 305.00 186.00 374.00
person 110 0 87.00 320.00 113.00 374.00
person -1 0 113.00 321.00 139.00 374.00
person 98 0 129.00 316.00 156.00 374.00
car 41 1 181.00 319.00 229.00 348.00
car 94 1 103.00 311.00 130.00 330.00
car 94 1 37.00 313.00 78.00 335.00
car 94 1 5.00 313.00 42.00 334.00
car -1 1 61.00 299.00 82.00 319.00
car 41 1 154.00 310.00 183.00 337.00
car -1 1 195.00 302.00 213.00 318.00
car -1 1 249.00 320.00 284.00 345.00
car -1 1 299.00 306.00 326.00 329.00
car 52 1 362.00 310.00 403.00 327.00
car -1 1 390.00 295.00 415.00 312.00
person 98 1 315.00 305.00 350.00 374.00
person 110 1 388.00 320.00 414.00 374.00
person -1 1 362.00 321.00 388.00 374.00
person 98 1 345.00 316.00 372.00 374.00
