chair 89 0 140.00 140.00 228.00 272.00
chair 50 0 183.00 67.00 225.00 134.00
chair -1 0 153.00 93.00 183.00 143.00
sofa -1 0 1.00 112.00 111.00 265.00
person 57 0 18.00 91.00 111.00 275.00
person 57 0 208.00 145.00 349.00 300.00
person 57 0 157.00 95.00 242.00 286.00
person 57 0 226.00 49.00 316.00 237.00
chair 89 1 173.00 140.00 261.00 272.00
chair 51 1 176.00 67.00 218.00 134.00
chair -1 1 218.00 93.00 248.00 143.00
sofa -1 1 290.00 112.00 400.00 265.00
person 57 1 290.00 91.00 383.00 275.00
person 57 1 52.00 145.00 193.00 300.00
person 57 1 159.00 95.00 244.00 286.00
person 57 1 85.00 49.00 175.00 237.00
