horse -1 0 40.00 124.00 97.00 255.00
horse -1 0 92.00 214.00 122.00 252.00
horse 22 0 58.00 95.00 202.00 299.00
horse -1 0 175.00 113.00 281.00 293.00
horse 85 0 203.00 95.00 487.00 375.00
person 110 0 7.00 143.00 61.00 273.00
person -1 0 372.00 180.00 500.00 375.00
horse -1 1 404.00 124.00 461.00 255.00
horse -1 1 379.00 214.00 409.00 252.00
horse 85 1 299.00 95.00 443.00 299.00
horse -1 1 220.00 113.00 326.00 293.00
horse 85 1 14.00 95.00 298.00 375.00
person 110 1 440.00 143.00 494.00 273.00
person -1 1 1.00 180.00 129.00 375.00
