aeroplane -1 0 265.00 238.00 279.00 255.00
aeroplane 29 0 253.00 243.00 269.00 259.00
aeroplane 96 0 247.00 227.00 263.00 243.00
aeroplane 96 0 225.00 206.00 241.00 223.00
aeroplane 96 0 219.00 191.00 234.00 206.00
aeroplane 96 0 207.00 219.00 223.00 238.00
aeroplane 96 0 212.00 238.00 228.00 256.00
aeroplane 96 0 188.00 229.00 203.00 250.00
aeroplane -1 1 222.00 238.00 236.00 255.00
aeroplane 29 1 232.00 243.00 248.00 259.00
aeroplane 97 1 238.00 227.00 254.00 243.00
aeroplane 97 1 260.00 206.00 276.00 223.00
aeroplane 97 1 267.00 191.00 282.00 206.00
aeroplane 97 1 278.00 219.00 294.00 238.00
aeroplane 97 1 273.00 238.00 289.00 256.00
aeroplane 97 1 298.00 229.00 313.00 250.00
