bus 116 0 238.00 144.00 367.00 196.00
car 94 0 34.00 181.00 104.00 207.00
car -1 0 425.00 165.00 443.00 180.00
car -1 0 155.00 174.00 203.00 188.00
person -1 0 237.00 170.00 251.00 199.00
person -1 0 182.00 170.00 199.00 199.00
person -1 0 169.00 171.00 182.00 198.00
person -1 0 133.00 181.00 146.00 206.00
bus 115 1 134.00 144.00 263.00 196.00
car 52 1 397.00 181.00 467.00 207.00
car -1 1 58.00 165.00 76.00 180.00
car -1 1 298.00 174.00 346.00 188.00
person -1 1 250.00 170.00 264.00 199.00
person -1 1 302.00 170.00 319.00 199.00
person -1 1 319.00 171.00 332.00 198.00
person -1 1 355.00 181.00 368.00 206.00
