bird 33 0 99.00 180.00 146.00 218.00
bird 40 0 149.00 108.00 269.00 173.00
bird 40 0 319.00 175.00 366.00 214.00
bird 40 0 461.00 219.00 500.00 266.00
bird -1 0 241.00 181.00 274.00 218.00
bird -1 0 174.00 169.00 206.00 203.00
bird 33 0 186.00 175.00 262.00 217.00
bird 33 1 355.00 180.00 402.00 218.00
bird 48 1 232.00 108.00 352.00 173.00
bird 67 1 135.00 175.00 182.00 214.00
bird 56 1 1.00 219.00 40.00 266.00
bird -1 1 227.00 181.00 260.00 218.00
bird -1 1 295.00 169.00 327.00 203.00
bird 48 1 239.00 175.00 315.00 217.00
