sofa 76 0 311.00 223.00 500.00 333.00
sofa -1 0 1.00 234.00 143.00 375.00
person 110 0 153.00 176.00 179.00 242.00
chair 68 0 130.00 187.00 174.00 261.00
chair 107 0 233.00 188.00 272.00 264.00
chair 68 0 251.00 184.00 291.00 250.00
chair 51 0 174.00 195.00 215.00 272.00
diningtable 58 0 171.00 189.00 241.00 266.00
sofa 44 1 1.00 223.00 190.00 333.00
sofa -1 1 358.00 234.00 500.00 375.00
person 98 1 322.00 176.00 348.00 242.00
chair 51 1 327.00 187.00 371.00 261.00
chair 107 1 229.00 188.00 268.00 264.00
chair 68 1 210.00 184.00 250.00 250.00
chair 50 1 286.00 195.00 327.00 272.00
diningtable 58 1 260.00 189.00 330.00 266.00
