bottle 1 0 163.00 92.00 189.00 202.00
pottedplant 7 0 103.00 8.00 147.00 115.00
pottedplant 7 0 146.00 11.00 183.00 118.00
pottedplant 105 0 181.00 43.00 234.00 117.00
person 98 0 274.00 3.00 472.00 324.00
diningtable 100 0 56.00 181.00 387.00 333.00
chair 50 0 279.00 100.00 466.00 302.00
chair -1 0 442.00 60.00 500.00 294.00
bottle 1 1 312.00 92.00 338.00 202.00
pottedplant 7 1 354.00 8.00 398.00 115.00
pottedplant 7 1 318.00 11.00 355.00 118.00
pottedplant 7 1 267.00 43.00 320.00 117.00
person 57 1 29.00 3.00 227.00 324.00
diningtable 21 1 114.00 181.00 445.00 333.00
chair 51 1 35.00 100.00 222.00 302.00
chair -1 1 1.00 60.00 59.00 294.00
