car 66 0 114.00 297.00 159.00 314.00
car 52 0 42.00 294.00 88.00 313.00
person 49 0 167.00 283.00 176.00 325.00
person -1 0 107.00 288.00 116.00 313.00
person -1 0 98.00 291.00 109.00 326.00
person -1 0 84.00 285.00 100.00 335.00
person -1 0 426.00 286.00 446.00 339.00
person -1 0 36.00 287.00 43.00 315.00
car 66 1 342.00 297.00 387.00 314.00
car 41 1 413.00 294.00 459.00 313.00
person 49 1 325.00 283.00 334.00 325.00
person -1 1 385.00 288.00 394.00 313.00
person -1 1 392.00 291.00 403.00 326.00
person -1 1 401.00 285.00 417.00 335.00
person -1 1 55.00 286.00 75.00 339.00
person -1 1 458.00 287.00 465.00 315.00
