diningtable 65 0 120.00 170.00 491.00 378.00
person 98 0 373.00 42.00 500.00 293.00
person -1 0 461.00 220.00 500.00 378.00
person 98 0 212.00 14.00 327.00 174.00
person 70 0 142.00 34.00 210.00 172.00
person 49 0 92.00 55.00 156.00 170.00
person 98 0 5.00 53.00 227.00 368.00
diningtable 65 1 10.00 170.00 381.00 378.00
person 98 1 1.00 42.00 128.00 293.00
person -1 1 1.00 220.00 40.00 378.00
person 98 1 174.00 14.00 289.00 174.00
person 98 1 291.00 34.00 359.00 172.00
person 49 1 345.00 55.00 409.00 170.00
person 98 1 274.00 53.00 496.00 368.00
