boat 20 0 35.00 90.00 99.00 165.00
boat 19 0 36.00 90.00 120.00 180.00
boat 20 0 34.00 162.00 89.00 205.00
boat 20 0 283.00 125.00 309.00 162.00
boat -1 0 308.00 137.00 325.00 160.00
boat 20 0 323.00 116.00 354.00 165.00
boat -1 0 359.00 126.00 373.00 163.00
boat -1 0 430.00 151.00 450.00 166.00
boat -1 0 475.00 150.00 500.00 174.00
boat 19 1 402.00 90.00 466.00 165.00
boat 20 1 381.00 90.00 465.00 180.00
boat 19 1 412.00 162.00 467.00 205.00
boat 19 1 192.00 125.00 218.00 162.00
boat -1 1 176.00 137.00 193.00 160.00
boat 19 1 147.00 116.00 178.00 165.00
boat -1 1 128.00 126.00 142.00 163.00
boat -1 1 51.00 151.00 71.00 166.00
boat -1 1 1.00 150.00 26.00 174.00
