pottedplant -1 0 1.00 1.00 104.00 115.00
person 57 0 387.00 50.00 500.00 187.00
person 57 0 259.00 174.00 500.00 375.00
person 57 0 1.00 149.00 238.00 375.00
person -1 0 1.00 103.00 38.00 170.00
person 71 0 58.00 44.00 157.00 159.00
person 70 0 169.00 54.00 253.00 135.00
person 70 0 234.00 41.00 357.00 153.00
chair -1 0 352.00 103.00 367.00 142.00
chair -1 0 171.00 108.00 181.00 135.00
chair -1 0 37.00 112.00 67.00 167.00
chair -1 0 496.00 136.00 500.00 177.00
diningtable 12 0 8.00 135.00 500.00 375.00
pottedplant -1 1 397.00 1.00 500.00 115.00
person 71 1 1.00 50.00 114.00 187.00
person 57 1 1.00 174.00 242.00 375.00
person 57 1 263.00 149.00 500.00 375.00
person -1 1 463.00 103.00 500.00 170.00
person 98 1 344.00 44.00 443.00 159.00
person 98 1 248.00 54.00 332.00 135.00
person 70 1 144.00 41.00 267.00 153.00
chair -1 1 134.00 103.00 149.00 142.00
chair -1 1 320.00 108.00 330.00 135.00
chair -1 1 434.00 112.00 464.00 167.00
chair -1 1 1.00 136.00 5.00 177.00
diningtable 12 1 1.00 135.00 493.00 375.00
