tvmonitor 120 0 246.00 189.00 302.00 259.00
tvmonitor -1 0 113.00 170.00 143.00 216.00
tvmonitor 120 0 75.00 167.00 113.00 221.00
person 98 0 114.00 171.00 249.00 375.00
person 70 0 19.00 172.00 111.00 274.00
chair 68 0 11.00 206.00 84.00 333.00
chair 11 0 92.00 245.00 198.00 375.00
tvmonitor 111 1 199.00 189.00 255.00 259.00
tvmonitor -1 1 358.00 170.00 388.00 216.00
tvmonitor 111 1 388.00 167.00 426.00 221.00
person 98 1 252.00 171.00 387.00 375.00
person 70 1 390.00 172.00 482.00 274.00
chair 68 1 417.00 206.00 490.00 333.00
chair 11 1 303.00 245.00 409.00 375.00
