chair -1 0 316.00 201.00 351.00 210.00
chair 51 0 54.00 220.00 103.00 258.00
chair 50 0 101.00 223.00 150.00 262.00
chair -1 0 152.00 238.00 188.00 268.00
chair -1 0 219.00 244.00 255.00 275.00
chair -1 0 276.00 248.00 318.00 280.00
chair -1 0 361.00 255.00 409.00 290.00
chair 50 0 16.00 235.00 63.00 301.00
chair 50 0 62.00 262.00 132.00 315.00
chair 50 0 129.00 271.00 206.00 330.00
chair 89 0 210.00 281.00 285.00 342.00
chair 50 0 322.00 294.00 395.00 375.00
chair -1 0 1.00 321.00 27.00 351.00
chair -1 0 1.00 347.00 58.00 375.00
tvmonitor 114 0 144.00 100.00 198.00 141.00
chair -1 1 150.00 201.00 185.00 210.00
chair 50 1 398.00 220.00 447.00 258.00
chair 51 1 351.00 223.00 400.00 262.00
chair -1 1 313.00 238.00 349.00 268.00
chair -1 1 246.00 244.00 282.00 275.00
chair -1 1 183.00 248.00 225.00 280.00
chair -1 1 92.00 255.00 140.00 290.00
chair 51 1 438.00 235.00 485.00 301.00
chair 51 1 369.00 262.00 439.00 315.00
chair 51 1 295.00 271.00 372.00 330.00
chair 51 1 216.00 281.00 291.00 342.00
chair 89 1 106.00 294.00 179.00 375.00
chair -1 1 474.00 321.00 500.00 351.00
chair -1 1 443.00 347.00 500.00 375.00
tvmonitor 114 1 303.00 100.00 357.00 141.00
