bus 93 0 26.00 56.00 371.00 390.00
person 98 0 251.00 199.00 349.00 442.00
person 110 0 217.00 227.00 274.00 434.00
person 71 0 149.00 327.00 201.00 449.00
person 98 0 96.00 309.00 184.00 464.00
person 98 0 29.00 305.00 100.00 474.00
person 49 0 1.00 245.00 74.00 448.00
person 70 0 3.00 220.00 156.00 318.00
person 98 0 72.00 232.00 131.00 341.00
person 70 0 126.00 213.00 174.00 245.00
person 70 0 154.00 184.00 206.00 237.00
person 70 0 188.00 179.00 256.00 235.00
bus 93 1 5.00 56.00 350.00 390.00
person 70 1 27.00 199.00 125.00 442.00
person 110 1 102.00 227.00 159.00 434.00
person 98 1 175.00 327.00 227.00 449.00
person 98 1 192.00 309.00 280.00 464.00
person 49 1 276.00 305.00 347.00 474.00
person 49 1 302.00 245.00 375.00 448.00
person 71 1 220.00 220.00 373.00 318.00
person 49 1 245.00 232.00 304.00 341.00
person 70 1 202.00 213.00 250.00 245.00
person 71 1 170.00 184.00 222.00 237.00
person 71 1 120.00 179.00 188.00 235.00
