bus 93 0 1.00 47.00 476.00 351.00
person -1 0 34.00 219.00 70.00 259.00
person 98 0 333.00 124.00 356.00 144.00
person -1 0 358.00 127.00 376.00 144.00
person 98 0 376.00 128.00 397.00 148.00
person 98 0 398.00 133.00 422.00 150.00
person -1 0 422.00 133.00 445.00 152.00
person 70 0 130.00 100.00 153.00 132.00
person 110 0 111.00 96.00 130.00 131.00
bus 6 1 25.00 47.00 500.00 351.00
person -1 1 431.00 219.00 467.00 259.00
person 70 1 145.00 124.00 168.00 144.00
person -1 1 125.00 127.00 143.00 144.00
person 49 1 104.00 128.00 125.00 148.00
person 98 1 79.00 133.00 103.00 150.00
person -1 1 56.00 133.00 79.00 152.00
person 70 1 348.00 100.00 371.00 132.00
person 110 1 371.00 96.00 390.00 131.00
