aeroplane 30 0 140.00 196.00 245.00 221.00
sheep 108 0 425.00 219.00 450.00 237.00
sheep 108 0 370.00 220.00 398.00 241.00
sheep -1 0 312.00 234.00 324.00 246.00
sheep -1 0 309.00 275.00 323.00 300.00
sheep 108 0 159.00 276.00 190.00 294.00
sheep -1 0 78.00 208.00 97.00 223.00
aeroplane 30 1 256.00 196.00 361.00 221.00
sheep 32 1 51.00 219.00 76.00 237.00
sheep 32 1 103.00 220.00 131.00 241.00
sheep -1 1 177.00 234.00 189.00 246.00
sheep -1 1 178.00 275.00 192.00 300.00
sheep 32 1 311.00 276.00 342.00 294.00
sheep -1 1 404.00 208.00 423.00 223.00
