chair 107 0 225.00 154.00 375.00 312.00
chair 89 0 107.00 145.00 263.00 294.00
chair 51 0 376.00 109.00 443.00 183.00
chair 68 0 312.00 107.00 390.00 151.00
chair 68 0 196.00 109.00 288.00 159.00
chair 50 0 146.00 114.00 208.00 170.00
person 70 0 302.00 85.00 333.00 125.00
chair 89 1 126.00 154.00 276.00 312.00
chair 50 1 238.00 145.00 394.00 294.00
chair 89 1 58.00 109.00 125.00 183.00
chair 68 1 111.00 107.00 189.00 151.00
chair 11 1 213.00 109.00 305.00 159.00
chair 51 1 293.00 114.00 355.00 170.00
person 70 1 168.00 85.00 199.00 125.00
