car 41 0 471.00 149.00 500.00 176.00
car 52 0 330.00 131.00 449.00 174.00
car 52 0 51.00 131.00 121.00 154.00
car 66 0 1.00 135.00 46.00 156.00
person 98 0 454.00 138.00 472.00 179.00
person 110 0 1.00 156.00 19.00 233.00
person 49 0 219.00 156.00 264.00 311.00
person 49 0 362.00 162.00 388.00 258.00
person 49 0 304.00 151.00 339.00 203.00
horse 22 0 304.00 170.00 358.00 246.00
horse 92 0 189.00 196.00 233.00 291.00
car 41 1 1.00 149.00 30.00 176.00
car 66 1 52.00 131.00 171.00 174.00
car 83 1 380.00 131.00 450.00 154.00
car 66 1 455.00 135.00 500.00 156.00
person 57 1 29.00 138.00 47.00 179.00
person 110 1 482.00 156.00 500.00 233.00
person 49 1 237.00 156.00 282.00 311.00
person 49 1 113.00 162.00 139.00 258.00
person 71 1 162.00 151.00 197.00 203.00
horse 85 1 143.00 170.00 197.00 246.00
horse 92 1 268.00 196.00 312.00 291.00
