cow 102 0 79.00 234.00 192.00 319.00
cow 102 0 382.00 219.00 464.00 312.00
cow 3 0 395.00 262.00 442.00 319.00
cow -1 0 321.00 266.00 360.00 309.00
cow -1 0 355.00 271.00 390.00 308.00
bird -1 0 231.00 287.00 244.00 306.00
bird -1 0 250.00 290.00 258.00 308.00
bird -1 0 262.00 281.00 267.00 308.00
bird -1 0 270.00 291.00 281.00 309.00
bird -1 0 288.00 278.00 300.00 300.00
bird -1 0 298.00 304.00 312.00 320.00
bird -1 0 313.00 299.00 325.00 318.00
bird -1 0 313.00 282.00 326.00 298.00
bird -1 0 309.00 263.00 321.00 280.00
cow 3 1 309.00 234.00 422.00 319.00
cow 5 1 37.00 219.00 119.00 312.00
cow 102 1 59.00 262.00 106.00 319.00
cow -1 1 141.00 266.00 180.00 309.00
cow -1 1 111.00 271.00 146.00 308.00
bird -1 1 257.00 287.00 270.00 306.00
bird -1 1 243.00 290.00 251.00 308.00
bird -1 1 234.00 281.00 239.00 308.00
bird -1 1 220.00 291.00 231.00 309.00
bird -1 1 201.00 278.00 213.00 300.00
bird -1 1 189.00 304.00 203.00 320.00
bird -1 1 176.00 299.00 188.00 318.00
bird -1 1 175.00 282.00 188.00 298.00
bird -1 1 180.00 263.00 192.00 280.00
