motorbike 62 0 62.00 110.00 184.00 325.00
person 49 0 68.00 15.00 179.00 280.00
person 110 0 231.00 138.00 271.00 241.00
person 71 0 334.00 185.00 426.00 259.00
person 110 0 457.00 135.00 491.00 249.00
person 110 0 309.00 157.00 329.00 235.00
person 110 0 384.00 158.00 411.00 231.00
person -1 0 408.00 157.00 441.00 188.00
person 110 0 16.00 143.00 56.00 233.00
motorbike 28 0 411.00 179.00 449.00 252.00
motorbike -1 0 210.00 189.00 281.00 242.00
motorbike -1 0 171.00 206.00 212.00 236.00
person -1 0 1.00 189.00 22.00 237.00
motorbike 63 1 317.00 110.00 439.00 325.00
person 98 1 322.00 15.00 433.00 280.00
person 110 1 230.00 138.00 270.00 241.00
person 57 1 75.00 185.00 167.00 259.00
person 110 1 10.00 135.00 44.00 249.00
person 110 1 172.00 157.00 192.00 235.00
person 110 1 90.00 158.00 117.00 231.00
person -1 1 60.00 157.00 93.00 188.00
person 110 1 445.00 143.00 485.00 233.00
motorbike 28 1 52.00 179.00 90.00 252.00
motorbike -1 1 220.00 189.00 291.00 242.00
motorbike -1 1 289.00 206.00 330.00 236.00
person -1 1 479.00 189.00 500.00 237.00
