cow 102 0 337.00 122.00 498.00 370.00
cow -1 0 371.00 113.00 393.00 146.00
cow -1 0 392.00 108.00 416.00 128.00
cow 61 0 247.00 110.00 279.00 139.00
cow -1 0 35.00 110.00 65.00 143.00
cow -1 0 1.00 132.00 41.00 205.00
person 98 0 1.00 4.00 234.00 375.00
cow 102 1 3.00 122.00 164.00 370.00
cow -1 1 108.00 113.00 130.00 146.00
cow -1 1 85.00 108.00 109.00 128.00
cow 74 1 222.00 110.00 254.00 139.00
cow -1 1 436.00 110.00 466.00 143.00
cow -1 1 460.00 132.00 500.00 205.00
person 98 1 267.00 4.00 500.00 375.00
