sheep 119 0 1.00 38.00 141.00 200.00
sheep 119 0 1.00 176.00 190.00 375.00
sheep 53 0 226.00 143.00 365.00 311.00
sheep 32 0 318.00 128.00 468.00 300.00
sheep 59 0 236.00 209.00 500.00 375.00
sheep 119 0 388.00 32.00 475.00 120.00
sheep 108 0 444.00 5.00 500.00 96.00
sheep 59 0 161.00 73.00 256.00 166.00
sheep 53 0 201.00 74.00 359.00 233.00
sheep -1 0 282.00 66.00 327.00 99.00
sheep 117 0 100.00 1.00 211.00 91.00
sheep -1 0 1.00 1.00 100.00 39.00
sheep 32 0 384.00 1.00 486.00 72.00
sheep -1 0 210.00 1.00 303.00 63.00
sheep -1 0 302.00 1.00 369.00 61.00
sheep 53 1 360.00 38.00 500.00 200.00
sheep 59 1 311.00 176.00 500.00 375.00
sheep 119 1 136.00 143.00 275.00 311.00
sheep 59 1 33.00 128.00 183.00 300.00
sheep 117 1 1.00 209.00 265.00 375.00
sheep 119 1 26.00 32.00 113.00 120.00
sheep 59 1 1.00 5.00 57.00 96.00
sheep 59 1 245.00 73.00 340.00 166.00
sheep 59 1 142.00 74.00 300.00 233.00
sheep -1 1 174.00 66.00 219.00 99.00
sheep 53 1 290.00 1.00 401.00 91.00
sheep -1 1 401.00 1.00 500.00 39.00
sheep 119 1 15.00 1.00 117.00 72.00
sheep -1 1 198.00 1.00 291.00 63.00
sheep -1 1 132.00 1.00 199.00 61.00
