tvmonitor 42 0 281.00 149.00 339.00 204.00
chair -1 0 461.00 195.00 500.00 300.00
chair 50 0 436.00 163.00 500.00 291.00
chair -1 0 306.00 213.00 443.00 333.00
chair 89 0 81.00 178.00 197.00 265.00
sofa 90 0 219.00 163.00 284.00 204.00
sofa -1 0 1.00 193.00 143.00 333.00
tvmonitor 42 1 162.00 149.00 220.00 204.00
chair -1 1 1.00 195.00 40.00 300.00
chair 51 1 1.00 163.00 65.00 291.00
chair -1 1 58.00 213.00 195.00 333.00
chair 89 1 304.00 178.00 420.00 265.00
sofa 91 1 217.00 163.00 282.00 204.00
sofa -1 1 358.00 193.00 500.00 333.00
