bottle 25 0 168.00 149.00 184.00 212.00
bottle 82 0 288.00 288.00 316.00 375.00
tvmonitor 120 0 414.00 100.00 500.00 208.00
person 70 0 271.00 80.00 500.00 375.00
person 98 0 31.00 131.00 238.00 375.00
bottle -1 0 372.00 1.00 381.00 29.00
bottle -1 0 382.00 1.00 390.00 29.00
bottle -1 0 390.00 1.00 398.00 30.00
bottle -1 0 397.00 1.00 405.00 29.00
bottle 36 0 406.00 1.00 414.00 29.00
bottle 25 0 414.00 1.00 423.00 29.00
bottle 36 0 422.00 1.00 430.00 29.00
bottle -1 0 430.00 1.00 437.00 29.00
bottle 82 0 461.00 1.00 471.00 31.00
bottle 1 0 453.00 1.00 464.00 30.00
bottle -1 0 438.00 1.00 446.00 29.00
bottle -1 0 442.00 1.00 454.00 28.00
sofa -1 0 1.00 150.00 294.00 375.00
bottle 36 1 317.00 149.00 333.00 212.00
bottle 82 1 185.00 288.00 213.00 375.00
tvmonitor 111 1 1.00 100.00 87.00 208.00
person 70 1 1.00 80.00 230.00 375.00
person 98 1 263.00 131.00 470.00 375.00
bottle -1 1 120.00 1.00 129.00 29.00
bottle -1 1 111.00 1.00 119.00 29.00
bottle -1 1 103.00 1.00 111.00 30.00
bottle -1 1 96.00 1.00 104.00 29.00
bottle 36 1 87.00 1.00 95.00 29.00
bottle 25 1 78.00 1.00 87.00 29.00
bottle 36 1 71.00 1.00 79.00 29.00
bottle -1 1 64.00 1.00 71.00 29.00
bottle 25 1 30.00 1.00 40.00 31.00
bottle 1 1 37.00 1.00 48.00 30.00
bottle -1 1 55.00 1.00 63.00 29.00
bottle -1 1 47.00 1.00 59.00 28.00
sofa -1 1 207.00 150.00 500.00 375.00
