train 9 0 176.00 108.00 473.00 166.00
train -1 0 157.00 98.00 181.00 151.00
person -1 0 40.00 132.00 54.00 171.00
person -1 0 54.00 132.00 68.00 166.00
person -1 0 68.00 133.00 76.00 168.00
person -1 0 82.00 133.00 93.00 155.00
person -1 0 74.00 133.00 83.00 155.00
person 110 0 196.00 122.00 217.00 183.00
person 49 0 13.00 123.00 39.00 182.00
train -1 0 2.00 107.00 160.00 153.00
train 9 1 28.00 108.00 325.00 166.00
train -1 1 320.00 98.00 344.00 151.00
person -1 1 447.00 132.00 461.00 171.00
person -1 1 433.00 132.00 447.00 166.00
person -1 1 425.00 133.00 433.00 168.00
person -1 1 408.00 133.00 419.00 155.00
person -1 1 418.00 133.00 427.00 155.00
person 49 1 284.00 122.00 305.00 183.00
person 49 1 462.00 123.00 488.00 182.00
train -1 1 341.00 107.00 499.00 153.00
