bottle 82 0 24.00 176.00 61.00 274.00
bottle 36 0 94.00 150.00 128.00 262.00
bottle 13 0 132.00 150.00 167.00 244.00
bottle 36 0 171.00 153.00 199.00 234.00
bottle 13 0 199.00 151.00 231.00 228.00
bottle 36 0 235.00 157.00 259.00 240.00
bottle 36 0 261.00 153.00 286.00 260.00
bottle 36 0 288.00 155.00 316.00 263.00
bottle 36 0 316.00 157.00 346.00 266.00
bottle 36 0 349.00 158.00 375.00 266.00
bottle 1 0 376.00 163.00 410.00 269.00
bottle 1 0 209.00 241.00 279.00 374.00
bottle 1 0 270.00 262.00 336.00 375.00
person 98 0 12.00 35.00 121.00 192.00
person 49 0 134.00 22.00 181.00 120.00
person 98 0 289.00 64.00 374.00 172.00
person 70 0 173.00 96.00 263.00 199.00
person 70 0 297.00 114.00 375.00 204.00
person 98 0 373.00 68.00 427.00 174.00
person 98 0 332.00 61.00 389.00 161.00
person 98 0 163.00 44.00 277.00 168.00
person 57 0 435.00 74.00 493.00 153.00
person 70 0 415.00 79.00 449.00 142.00
person -1 0 470.00 84.00 500.00 148.00
person 98 0 121.00 72.00 178.00 142.00
person 110 0 1.00 1.00 36.00 149.00
bottle 10 1 440.00 176.00 477.00 274.00
bottle 36 1 373.00 150.00 407.00 262.00
bottle 82 1 334.00 150.00 369.00 244.00
bottle 82 1 302.00 153.00 330.00 234.00
bottle 13 1 270.00 151.00 302.00 228.00
bottle 36 1 242.00 157.00 266.00 240.00
bottle 36 1 215.00 153.00 240.00 260.00
bottle 36 1 185.00 155.00 213.00 263.00
bottle 36 1 155.00 157.00 185.00 266.00
bottle 36 1 126.00 158.00 152.00 266.00
bottle 82 1 91.00 163.00 125.00 269.00
bottle 1 1 222.00 241.00 292.00 374.00
bottle 1 1 165.00 262.00 231.00 375.00
person 98 1 380.00 35.00 489.00 192.00
person 49 1 320.00 22.00 367.00 120.00
person 98 1 127.00 64.00 212.00 172.00
person 71 1 238.00 96.00 328.00 199.00
person 71 1 126.00 114.00 204.00 204.00
person 98 1 74.00 68.00 128.00 174.00
person 98 1 112.00 61.00 169.00 161.00
person 98 1 224.00 44.00 338.00 168.00
person 57 1 8.00 74.00 66.00 153.00
person 70 1 52.00 79.00 86.00 142.00
person -1 1 1.00 84.00 31.00 148.00
person 98 1 323.00 72.00 380.00 142.00
person 49 1 465.00 1.00 500.00 149.00
