sofa -1 0 81.00 163.00 239.00 269.00
chair 68 0 323.00 151.00 441.00 252.00
chair 51 0 250.00 155.00 344.00 254.00
person 98 0 73.00 139.00 156.00 289.00
person 49 0 153.00 142.00 237.00 285.00
person 70 0 244.00 127.00 321.00 266.00
person 49 0 352.00 134.00 435.00 262.00
sofa -1 1 262.00 163.00 420.00 269.00
chair 68 1 60.00 151.00 178.00 252.00
chair 50 1 157.00 155.00 251.00 254.00
person 98 1 345.00 139.00 428.00 289.00
person 110 1 264.00 142.00 348.00 285.00
person 70 1 180.00 127.00 257.00 266.00
person 49 1 66.00 134.00 149.00 262.00
