diningtable -1 0 1.00 280.00 295.00 375.00
sofa -1 0 27.00 179.00 81.00 224.00
pottedplant -1 0 355.00 141.00 391.00 172.00
chair 68 0 301.00 174.00 466.00 375.00
chair -1 0 231.00 181.00 255.00 206.00
person 98 0 305.00 201.00 429.00 331.00
person 70 0 40.00 97.00 259.00 307.00
diningtable -1 1 206.00 280.00 500.00 375.00
sofa -1 1 420.00 179.00 474.00 224.00
pottedplant -1 1 110.00 141.00 146.00 172.00
chair 68 1 35.00 174.00 200.00 375.00
chair -1 1 246.00 181.00 270.00 206.00
person 98 1 72.00 201.00 196.00 331.00
person 70 1 242.00 97.00 461.00 307.00
