chair 89 0 15.00 181.00 75.00 261.00
chair 89 0 74.00 174.00 110.00 249.00
chair 89 0 303.00 202.00 387.00 317.00
chair 107 0 468.00 188.00 500.00 307.00
chair 89 0 400.00 188.00 465.00 296.00
chair -1 0 341.00 179.00 399.00 285.00
person 98 0 379.00 137.00 468.00 296.00
person 98 0 341.00 146.00 397.00 281.00
person 98 0 89.00 19.00 323.00 494.00
person 49 0 196.00 15.00 338.00 481.00
chair 89 1 426.00 181.00 486.00 261.00
chair 89 1 391.00 174.00 427.00 249.00
chair 89 1 114.00 202.00 198.00 317.00
chair 107 1 1.00 188.00 33.00 307.00
chair 89 1 36.00 188.00 101.00 296.00
chair -1 1 102.00 179.00 160.00 285.00
person 98 1 33.00 137.00 122.00 296.00
person 98 1 104.00 146.00 160.00 281.00
person 49 1 178.00 19.00 412.00 494.00
person 49 1 163.00 15.00 305.00 481.00
