diningtable 100 0 274.00 255.00 368.00 333.00
chair 11 0 259.00 244.00 286.00 330.00
chair 107 0 278.00 248.00 308.00 330.00
chair -1 0 352.00 252.00 366.00 262.00
bottle -1 0 331.00 239.00 356.00 253.00
bottle -1 0 329.00 262.00 355.00 281.00
bottle -1 0 328.00 285.00 356.00 305.00
bottle -1 0 324.00 308.00 354.00 328.00
bottle 13 0 358.00 285.00 390.00 338.00
bottle -1 0 359.00 337.00 394.00 375.00
bottle -1 0 325.00 345.00 351.00 375.00
sofa -1 0 63.00 245.00 140.00 329.00
chair 51 0 46.00 232.00 97.00 266.00
diningtable 100 1 133.00 255.00 227.00 333.00
chair 11 1 215.00 244.00 242.00 330.00
chair 89 1 193.00 248.00 223.00 330.00
chair -1 1 135.00 252.00 149.00 262.00
bottle -1 1 145.00 239.00 170.00 253.00
bottle -1 1 146.00 262.00 172.00 281.00
bottle -1 1 145.00 285.00 173.00 305.00
bottle -1 1 147.00 308.00 177.00 328.00
bottle 10 1 111.00 285.00 143.00 338.00
bottle -1 1 107.00 337.00 142.00 375.00
bottle -1 1 150.00 345.00 176.00 375.00
sofa -1 1 361.00 245.00 438.00 329.00
chair 50 1 404.00 232.00 455.00 266.00
