sofa 90 0 5.00 72.00 150.00 163.00
pottedplant 23 0 128.00 1.00 201.00 117.00
pottedplant 23 0 212.00 32.00 256.00 102.00
tvmonitor -1 0 267.00 76.00 291.00 114.00
tvmonitor -1 0 268.00 63.00 279.00 81.00
chair -1 0 319.00 83.00 351.00 131.00
pottedplant 23 0 223.00 31.00 256.00 64.00
bicycle 37 0 453.00 96.00 500.00 177.00
person 70 0 291.00 74.00 326.00 119.00
sofa 91 1 351.00 72.00 496.00 163.00
pottedplant 7 1 300.00 1.00 373.00 117.00
pottedplant 23 1 245.00 32.00 289.00 102.00
tvmonitor -1 1 210.00 76.00 234.00 114.00
tvmonitor -1 1 222.00 63.00 233.00 81.00
chair -1 1 150.00 83.00 182.00 131.00
pottedplant 23 1 245.00 31.00 278.00 64.00
bicycle 37 1 1.00 96.00 48.00 177.00
person 71 1 175.00 74.00 210.00 119.00
