diningtable -1 0 1.00 303.00 238.00 375.00
chair -1 0 1.00 269.00 67.00 316.00
chair -1 0 92.00 291.00 249.00 375.00
sofa 76 0 198.00 192.00 385.00 258.00
sofa 44 0 274.00 218.00 478.00 374.00
chair -1 0 392.00 194.00 419.00 217.00
tvmonitor 111 0 35.00 141.00 142.00 243.00
tvmonitor 42 0 211.00 150.00 250.00 190.00
diningtable -1 1 263.00 303.00 500.00 375.00
chair -1 1 434.00 269.00 500.00 316.00
chair -1 1 252.00 291.00 409.00 375.00
sofa 90 1 116.00 192.00 303.00 258.00
sofa 101 1 23.00 218.00 227.00 374.00
chair -1 1 82.00 194.00 109.00 217.00
tvmonitor 114 1 359.00 141.00 466.00 243.00
tvmonitor 42 1 251.00 150.00 290.00 190.00
