chair 50 0 29.00 115.00 100.00 180.00
chair -1 0 178.00 132.00 248.00 193.00
diningtable 45 0 2.00 94.00 121.00 147.00
diningtable 45 0 169.00 101.00 321.00 174.00
diningtable 45 0 100.00 187.00 407.00 366.00
diningtable -1 0 323.00 120.00 500.00 195.00
person 98 0 89.00 85.00 220.00 294.00
person 98 0 321.00 75.00 496.00 372.00
chair -1 0 36.00 182.00 129.00 343.00
person 98 0 132.00 12.00 167.00 84.00
chair 51 1 401.00 115.00 472.00 180.00
chair -1 1 253.00 132.00 323.00 193.00
diningtable 45 1 380.00 94.00 499.00 147.00
diningtable 45 1 180.00 101.00 332.00 174.00
diningtable 45 1 94.00 187.00 401.00 366.00
diningtable -1 1 1.00 120.00 178.00 195.00
person 98 1 281.00 85.00 412.00 294.00
person 49 1 5.00 75.00 180.00 372.00
chair -1 1 372.00 182.00 465.00 343.00
person 98 1 334.00 12.00 369.00 84.00
