sheep 59 0 381.00 211.00 458.00 283.00
sheep 59 0 344.00 224.00 383.00 281.00
sheep -1 0 324.00 227.00 355.00 270.00
sheep 119 0 70.00 202.00 165.00 275.00
person 57 0 19.00 121.00 75.00 259.00
person 57 0 109.00 143.00 179.00 222.00
person 57 0 146.00 166.00 190.00 263.00
person 49 0 176.00 167.00 219.00 262.00
person 110 0 206.00 171.00 241.00 258.00
person 71 0 195.00 143.00 268.00 220.00
sheep 32 1 43.00 211.00 120.00 283.00
sheep 32 1 118.00 224.00 157.00 281.00
sheep -1 1 146.00 227.00 177.00 270.00
sheep 119 1 336.00 202.00 431.00 275.00
person 57 1 426.00 121.00 482.00 259.00
person 57 1 322.00 143.00 392.00 222.00
person 57 1 311.00 166.00 355.00 263.00
person 57 1 282.00 167.00 325.00 262.00
person 49 1 260.00 171.00 295.00 258.00
person 98 1 233.00 143.00 306.00 220.00
