bottle 13 0 72.00 36.00 153.00 288.00
bottle 1 0 178.00 16.00 308.00 74.00
bottle -1 0 144.00 23.00 220.00 184.00
bottle 1 0 144.00 46.00 296.00 225.00
bottle 1 0 245.00 49.00 387.00 148.00
bottle 10 0 131.00 31.00 464.00 331.00
bottle 13 0 140.00 224.00 395.00 375.00
bottle 10 1 348.00 36.00 429.00 288.00
bottle 1 1 193.00 16.00 323.00 74.00
bottle -1 1 281.00 23.00 357.00 184.00
bottle 13 1 205.00 46.00 357.00 225.00
bottle 1 1 114.00 49.00 256.00 148.00
bottle 13 1 37.00 31.00 370.00 331.00
bottle 13 1 106.00 224.00 361.00 375.00
