chair -1 0 313.00 288.00 500.00 375.00
chair -1 0 281.00 228.00 373.00 268.00
chair -1 0 263.00 212.00 321.00 253.00
person 70 0 1.00 63.00 328.00 374.00
person 98 0 362.00 177.00 500.00 291.00
person 98 0 441.00 122.00 500.00 247.00
person 49 0 354.00 163.00 411.00 256.00
person 57 0 318.00 169.00 363.00 220.00
person 70 0 253.00 163.00 324.00 234.00
person 110 0 1.00 144.00 19.00 245.00
person 49 0 95.00 169.00 114.00 214.00
person 49 0 72.00 168.00 88.00 219.00
person 49 0 53.00 170.00 71.00 219.00
chair -1 1 1.00 288.00 188.00 375.00
chair -1 1 128.00 228.00 220.00 268.00
chair -1 1 180.00 212.00 238.00 253.00
person 70 1 173.00 63.00 500.00 374.00
person 98 1 1.00 177.00 139.00 291.00
person 110 1 1.00 122.00 60.00 247.00
person 49 1 90.00 163.00 147.00 256.00
person 57 1 138.00 169.00 183.00 220.00
person 98 1 177.00 163.00 248.00 234.00
person 110 1 482.00 144.00 500.00 245.00
person 49 1 387.00 169.00 406.00 214.00
person 110 1 413.00 168.00 429.00 219.00
person 49 1 430.00 170.00 448.00 219.00
