person 70 0 231.00 169.00 316.00 279.00
person 70 0 312.00 170.00 419.00 287.00
chair -1 0 337.00 322.00 459.00 375.00
chair -1 0 12.00 338.00 93.00 375.00
bottle 25 0 432.00 210.00 482.00 366.00
bottle 36 0 390.00 213.00 415.00 293.00
person 70 0 105.00 73.00 231.00 375.00
person 98 0 35.00 66.00 118.00 375.00
person 98 1 185.00 169.00 270.00 279.00
person 70 1 82.00 170.00 189.00 287.00
chair -1 1 42.00 322.00 164.00 375.00
chair -1 1 408.00 338.00 489.00 375.00
bottle 25 1 19.00 210.00 69.00 366.00
bottle 10 1 86.00 213.00 111.00 293.00
person 98 1 270.00 73.00 396.00 375.00
person 49 1 383.00 66.00 466.00 375.00
