motorbike 81 0 54.00 29.00 475.00 325.00
person -1 0 402.00 1.00 500.00 158.00
person 49 0 308.00 2.00 395.00 125.00
person -1 0 1.00 1.00 47.00 119.00
person -1 0 43.00 1.00 87.00 92.00
motorbike -1 0 103.00 5.00 298.00 122.00
person -1 0 190.00 1.00 277.00 121.00
motorbike 62 1 26.00 29.00 447.00 325.00
person -1 1 1.00 1.00 99.00 158.00
person 110 1 106.00 2.00 193.00 125.00
person -1 1 454.00 1.00 500.00 119.00
person -1 1 414.00 1.00 458.00 92.00
motorbike -1 1 203.00 5.00 398.00 122.00
person -1 1 224.00 1.00 311.00 121.00
