car 83 0 305.00 104.00 394.00 183.00
person 98 0 453.00 112.00 482.00 175.00
dog 18 0 11.00 227.00 80.00 325.00
bus 75 0 2.00 37.00 217.00 200.00
bus 31 0 205.00 84.00 295.00 162.00
person -1 0 403.00 122.00 414.00 143.00
person -1 0 302.00 119.00 312.00 140.00
person -1 0 293.00 125.00 302.00 146.00
car 83 1 107.00 104.00 196.00 183.00
person 49 1 19.00 112.00 48.00 175.00
dog 18 1 421.00 227.00 490.00 325.00
bus 115 1 284.00 37.00 499.00 200.00
bus 31 1 206.00 84.00 296.00 162.00
person -1 1 87.00 122.00 98.00 143.00
person -1 1 189.00 119.00 199.00 140.00
person -1 1 199.00 125.00 208.00 146.00
