bicycle 35 0 235.00 161.00 286.00 254.00
bicycle 34 0 439.00 162.00 485.00 261.00
bicycle 47 0 281.00 159.00 324.00 238.00
bicycle 37 0 324.00 144.00 349.00 220.00
bicycle 17 0 172.00 176.00 224.00 277.00
bicycle 47 0 83.00 127.00 117.00 178.00
person 49 0 430.00 93.00 482.00 241.00
person 57 0 232.00 95.00 280.00 224.00
person 49 0 279.00 100.00 321.00 212.00
person 57 0 83.00 91.00 115.00 168.00
person 57 0 304.00 88.00 338.00 152.00
person 49 0 347.00 85.00 378.00 198.00
person 49 0 376.00 81.00 396.00 191.00
person 49 0 455.00 74.00 483.00 138.00
person 49 0 330.00 82.00 359.00 187.00
person 49 0 36.00 88.00 80.00 245.00
person 49 0 132.00 82.00 154.00 157.00
person 110 0 11.00 80.00 47.00 227.00
person 110 0 242.00 81.00 251.00 100.00
person 49 0 227.00 73.00 238.00 91.00
person 98 0 213.00 77.00 233.00 116.00
person -1 0 199.00 87.00 211.00 100.00
person -1 0 154.00 82.00 171.00 160.00
person 49 0 109.00 84.00 135.00 157.00
person -1 0 96.00 78.00 111.00 102.00
person -1 0 1.00 97.00 17.00 137.00
bicycle 17 1 215.00 161.00 266.00 254.00
bicycle 35 1 16.00 162.00 62.00 261.00
bicycle 46 1 177.00 159.00 220.00 238.00
bicycle 37 1 152.00 144.00 177.00 220.00
bicycle 17 1 277.00 176.00 329.00 277.00
bicycle 46 1 384.00 127.00 418.00 178.00
person 57 1 19.00 93.00 71.00 241.00
person 57 1 221.00 95.00 269.00 224.00
person 57 1 180.00 100.00 222.00 212.00
person 57 1 386.00 91.00 418.00 168.00
person 57 1 163.00 88.00 197.00 152.00
person 110 1 123.00 85.00 154.00 198.00
person 110 1 105.00 81.00 125.00 191.00
person 57 1 18.00 74.00 46.00 138.00
person 49 1 142.00 82.00 171.00 187.00
person 49 1 421.00 88.00 465.00 245.00
person 110 1 347.00 82.00 369.00 157.00
person 49 1 454.00 80.00 490.00 227.00
person 110 1 250.00 81.00 259.00 100.00
person 49 1 263.00 73.00 274.00 91.00
person 98 1 268.00 77.00 288.00 116.00
person -1 1 290.00 87.00 302.00 100.00
person -1 1 330.00 82.00 347.00 160.00
person 49 1 366.00 84.00 392.00 157.00
person -1 1 390.00 78.00 405.00 102.00
person -1 1 484.00 97.00 500.00 137.00
