car 66 0 230.00 143.00 496.00 220.00
car -1 0 206.00 151.00 345.00 216.00
car -1 0 167.00 161.00 252.00 211.00
car -1 0 137.00 163.00 213.00 210.00
car -1 0 106.00 164.00 184.00 210.00
car -1 0 83.00 167.00 156.00 208.00
car -1 0 68.00 180.00 125.00 207.00
car 66 1 5.00 143.00 271.00 220.00
car -1 1 156.00 151.00 295.00 216.00
car -1 1 249.00 161.00 334.00 211.00
car -1 1 288.00 163.00 364.00 210.00
car -1 1 317.00 164.00 395.00 210.00
car -1 1 345.00 167.00 418.00 208.00
car -1 1 376.00 180.00 433.00 207.00
