person 110 0 261.00 14.00 380.00 332.00
person 110 0 158.00 29.00 265.00 335.00
bottle -1 0 348.00 142.00 365.00 178.00
bottle -1 0 340.00 146.00 350.00 181.00
bottle -1 0 374.00 147.00 386.00 177.00
bottle -1 0 85.00 163.00 97.00 189.00
bottle -1 0 155.00 159.00 166.00 186.00
person 49 1 121.00 14.00 240.00 332.00
person 49 1 236.00 29.00 343.00 335.00
bottle -1 1 136.00 142.00 153.00 178.00
bottle -1 1 151.00 146.00 161.00 181.00
bottle -1 1 115.00 147.00 127.00 177.00
bottle -1 1 404.00 163.00 416.00 189.00
bottle -1 1 335.00 159.00 346.00 186.00
