bottle 1 0 124.00 6.00 162.00 102.00
bottle 1 0 94.00 36.00 132.00 91.00
bottle 82 0 71.00 57.00 108.00 166.00
bottle 10 0 100.00 58.00 150.00 188.00
bottle 82 0 13.00 71.00 61.00 184.00
bottle 82 0 152.00 115.00 203.00 237.00
bottle 82 0 216.00 102.00 261.00 222.00
bottle 1 0 259.00 134.00 307.00 260.00
bottle 82 0 308.00 126.00 356.00 251.00
bottle 1 0 350.00 139.00 408.00 264.00
bottle 1 1 339.00 6.00 377.00 102.00
bottle 82 1 369.00 36.00 407.00 91.00
bottle 82 1 393.00 57.00 430.00 166.00
bottle 10 1 351.00 58.00 401.00 188.00
bottle 10 1 440.00 71.00 488.00 184.00
bottle 10 1 298.00 115.00 349.00 237.00
bottle 82 1 240.00 102.00 285.00 222.00
bottle 1 1 194.00 134.00 242.00 260.00
bottle 82 1 145.00 126.00 193.00 251.00
bottle 1 1 93.00 139.00 151.00 264.00
