boat -1 0 324.00 221.00 445.00 314.00
pottedplant 105 0 336.00 186.00 441.00 227.00
chair -1 0 61.00 255.00 176.00 375.00
diningtable -1 0 1.00 278.00 117.00 375.00
person 70 0 61.00 172.00 233.00 372.00
sofa -1 0 443.00 262.00 500.00 375.00
dog 109 0 345.00 303.00 443.00 375.00
boat -1 1 56.00 221.00 177.00 314.00
pottedplant 105 1 60.00 186.00 165.00 227.00
chair -1 1 325.00 255.00 440.00 375.00
diningtable -1 1 384.00 278.00 500.00 375.00
person 71 1 268.00 172.00 440.00 372.00
sofa -1 1 1.00 262.00 58.00 375.00
dog 109 1 58.00 303.00 156.00 375.00
