bus 116 0 126.00 136.00 401.00 264.00
person -1 0 398.00 207.00 411.00 251.00
person 110 0 410.00 206.00 425.00 250.00
person -1 0 164.00 143.00 178.00 171.00
person -1 0 178.00 153.00 189.00 171.00
person -1 0 236.00 156.00 246.00 170.00
person -1 0 323.00 152.00 337.00 167.00
bus 6 1 100.00 136.00 375.00 264.00
person -1 1 90.00 207.00 103.00 251.00
person 110 1 76.00 206.00 91.00 250.00
person -1 1 323.00 143.00 337.00 171.00
person -1 1 312.00 153.00 323.00 171.00
person -1 1 255.00 156.00 265.00 170.00
person -1 1 164.00 152.00 178.00 167.00
