chair 68 0 39.00 167.00 116.00 276.00
chair 11 0 390.00 163.00 500.00 284.00
chair 68 0 135.00 172.00 195.00 259.00
person 49 0 187.00 59.00 380.00 350.00
person 98 0 125.00 82.00 216.00 244.00
person -1 0 135.00 184.00 288.00 296.00
chair 11 0 438.00 182.00 500.00 319.00
chair 68 1 385.00 167.00 462.00 276.00
chair 11 1 1.00 163.00 111.00 284.00
chair 68 1 306.00 172.00 366.00 259.00
person 98 1 121.00 59.00 314.00 350.00
person 49 1 285.00 82.00 376.00 244.00
person -1 1 213.00 184.00 366.00 296.00
chair 11 1 1.00 182.00 63.00 319.00
