sofa 101 0 330.00 186.00 450.00 291.00
sofa -1 0 85.00 178.00 173.00 234.00
sofa -1 0 82.00 219.00 195.00 333.00
diningtable 65 0 227.00 274.00 471.00 375.00
chair -1 0 408.00 241.00 481.00 314.00
chair -1 0 216.00 237.00 273.00 293.00
chair -1 0 193.00 280.00 268.00 375.00
tvmonitor 42 0 230.00 148.00 279.00 190.00
sofa 101 1 51.00 186.00 171.00 291.00
sofa -1 1 328.00 178.00 416.00 234.00
sofa -1 1 306.00 219.00 419.00 333.00
diningtable 65 1 30.00 274.00 274.00 375.00
chair -1 1 20.00 241.00 93.00 314.00
chair -1 1 228.00 237.00 285.00 293.00
chair -1 1 233.00 280.00 308.00 375.00
tvmonitor 42 1 222.00 148.00 271.00 190.00
