person 70 0 333.00 80.00 490.00 333.00
person 98 0 207.00 83.00 362.00 333.00
person 98 0 1.00 71.00 185.00 333.00
person -1 0 210.00 159.00 236.00 211.00
person -1 0 180.00 166.00 196.00 206.00
person 70 0 10.00 162.00 53.00 220.00
person 70 0 288.00 136.00 323.00 181.00
person 98 1 11.00 80.00 168.00 333.00
person 98 1 139.00 83.00 294.00 333.00
person 57 1 316.00 71.00 500.00 333.00
person -1 1 265.00 159.00 291.00 211.00
person -1 1 305.00 166.00 321.00 206.00
person 71 1 448.00 162.00 491.00 220.00
person 98 1 178.00 136.00 213.00 181.00
