car 106 0 139.00 133.00 415.00 277.00
car 52 0 116.00 117.00 176.00 154.00
person 57 0 59.00 89.00 119.00 278.00
car 83 0 213.00 90.00 257.00 103.00
car 83 0 245.00 89.00 291.00 103.00
car 83 0 291.00 89.00 338.00 107.00
car -1 0 323.00 89.00 358.00 107.00
car -1 0 341.00 90.00 386.00 107.00
car -1 0 380.00 86.00 437.00 112.00
car 94 0 405.00 90.00 451.00 111.00
car 94 0 436.00 87.00 493.00 115.00
car 41 0 473.00 89.00 500.00 116.00
car 94 1 86.00 133.00 362.00 277.00
car 83 1 325.00 117.00 385.00 154.00
person 57 1 382.00 89.00 442.00 278.00
car 52 1 244.00 90.00 288.00 103.00
car 83 1 210.00 89.00 256.00 103.00
car 52 1 163.00 89.00 210.00 107.00
car -1 1 143.00 89.00 178.00 107.00
car -1 1 115.00 90.00 160.00 107.00
car -1 1 64.00 86.00 121.00 112.00
car 52 1 50.00 90.00 96.00 111.00
car 52 1 8.00 87.00 65.00 115.00
car 41 1 1.00 89.00 28.00 116.00
