person 98 0 1.00 174.00 38.00 253.00
person -1 0 3.00 200.00 22.00 316.00
motorbike 62 0 15.00 213.00 111.00 302.00
pottedplant 55 0 354.00 167.00 389.00 267.00
pottedplant 105 0 387.00 130.00 418.00 170.00
pottedplant 105 0 422.00 128.00 447.00 171.00
pottedplant -1 0 447.00 142.00 473.00 174.00
pottedplant 105 0 476.00 142.00 496.00 173.00
person 57 1 463.00 174.00 500.00 253.00
person -1 1 479.00 200.00 498.00 316.00
motorbike 63 1 390.00 213.00 486.00 302.00
pottedplant 7 1 112.00 167.00 147.00 267.00
pottedplant 55 1 83.00 130.00 114.00 170.00
pottedplant 105 1 54.00 128.00 79.00 171.00
pottedplant -1 1 28.00 142.00 54.00 174.00
pottedplant 105 1 5.00 142.00 25.00 173.00
