car 66 0 161.00 140.00 313.00 226.00
car 83 0 438.00 134.00 500.00 179.00
car 66 0 101.00 145.00 190.00 181.00
car 66 0 280.00 139.00 351.00 171.00
car 66 0 422.00 121.00 480.00 153.00
person -1 0 346.00 119.00 358.00 153.00
person -1 0 337.00 118.00 348.00 150.00
person -1 0 210.00 153.00 229.00 168.00
person -1 0 254.00 150.00 277.00 166.00
car 66 1 188.00 140.00 340.00 226.00
car 52 1 1.00 134.00 63.00 179.00
car 66 1 311.00 145.00 400.00 181.00
car 83 1 150.00 139.00 221.00 171.00
car 83 1 21.00 121.00 79.00 153.00
person -1 1 143.00 119.00 155.00 153.00
person -1 1 153.00 118.00 164.00 150.00
person -1 1 272.00 153.00 291.00 168.00
person -1 1 224.00 150.00 247.00 166.00
