bus 6 0 1.00 100.00 394.00 287.00
person 57 0 202.00 104.00 395.00 374.00
bus -1 0 479.00 178.00 500.00 220.00
bus -1 0 461.00 181.00 482.00 219.00
bus -1 0 436.00 181.00 462.00 217.00
bus -1 0 416.00 183.00 437.00 212.00
bus -1 0 389.00 185.00 418.00 210.00
bus -1 0 373.00 188.00 387.00 208.00
person -1 0 410.00 202.00 418.00 221.00
person 98 0 28.00 160.00 181.00 375.00
bus 6 1 107.00 100.00 500.00 287.00
person 98 1 106.00 104.00 299.00 374.00
bus -1 1 1.00 178.00 22.00 220.00
bus -1 1 19.00 181.00 40.00 219.00
bus -1 1 39.00 181.00 65.00 217.00
bus -1 1 64.00 183.00 85.00 212.00
bus -1 1 83.00 185.00 112.00 210.00
bus -1 1 114.00 188.00 128.00 208.00
person -1 1 83.00 202.00 91.00 221.00
person 98 1 320.00 160.00 473.00 375.00
