diningtable 45 0 86.00 300.00 257.00 471.00
chair 51 0 173.00 328.00 325.00 500.00
chair -1 0 61.00 282.00 90.00 414.00
chair 50 0 70.00 301.00 185.00 475.00
chair -1 0 109.00 267.00 150.00 306.00
chair -1 0 213.00 274.00 247.00 320.00
chair -1 0 263.00 287.00 311.00 338.00
diningtable 45 1 77.00 300.00 248.00 471.00
chair 50 1 9.00 328.00 161.00 500.00
chair -1 1 244.00 282.00 273.00 414.00
chair 51 1 149.00 301.00 264.00 475.00
chair -1 1 184.00 267.00 225.00 306.00
chair -1 1 87.00 274.00 121.00 320.00
chair -1 1 23.00 287.00 71.00 338.00
