bird 4 0 352.00 64.00 383.00 106.00
bird -1 0 468.00 146.00 500.00 191.00
bird -1 0 429.00 83.00 468.00 120.00
bird 67 0 194.00 128.00 271.00 185.00
bird 67 0 148.00 180.00 188.00 288.00
bird -1 0 263.00 142.00 303.00 212.00
person 71 0 1.00 11.00 320.00 296.00
bird 4 1 118.00 64.00 149.00 106.00
bird -1 1 1.00 146.00 33.00 191.00
bird -1 1 33.00 83.00 72.00 120.00
bird 67 1 230.00 128.00 307.00 185.00
bird 67 1 313.00 180.00 353.00 288.00
bird -1 1 198.00 142.00 238.00 212.00
person 70 1 181.00 11.00 500.00 296.00
