bottle 13 0 384.00 199.00 415.00 269.00
person 110 0 448.00 69.00 500.00 239.00
person 57 0 235.00 61.00 437.00 333.00
person 70 0 1.00 5.00 466.00 333.00
person 71 0 1.00 34.00 105.00 155.00
person 49 0 433.00 91.00 458.00 146.00
person -1 0 344.00 117.00 390.00 208.00
person -1 0 366.00 100.00 403.00 135.00
person 98 0 86.00 90.00 117.00 131.00
person 98 0 245.00 106.00 268.00 146.00
person 70 0 265.00 138.00 287.00 157.00
person 70 0 206.00 107.00 270.00 165.00
bottle 82 1 86.00 199.00 117.00 269.00
person 110 1 1.00 69.00 53.00 239.00
person 49 1 64.00 61.00 266.00 333.00
person 70 1 35.00 5.00 500.00 333.00
person 70 1 396.00 34.00 500.00 155.00
person 110 1 43.00 91.00 68.00 146.00
person -1 1 111.00 117.00 157.00 208.00
person -1 1 98.00 100.00 135.00 135.00
person 49 1 384.00 90.00 415.00 131.00
person 70 1 233.00 106.00 256.00 146.00
person 70 1 214.00 138.00 236.00 157.00
person 70 1 231.00 107.00 295.00 165.00
