motorbike -1 0 110.00 93.00 333.00 500.00
person 57 0 66.00 2.00 295.00 462.00
person 49 0 17.00 47.00 86.00 198.00
person 110 0 48.00 36.00 79.00 127.00
person 110 0 79.00 31.00 105.00 119.00
person -1 0 91.00 49.00 107.00 84.00
person 98 0 88.00 52.00 128.00 116.00
person -1 0 2.00 82.00 18.00 194.00
person 49 0 272.00 24.00 303.00 87.00
person 110 0 299.00 64.00 322.00 103.00
motorbike -1 1 1.00 93.00 224.00 500.00
person 57 1 39.00 2.00 268.00 462.00
person 49 1 248.00 47.00 317.00 198.00
person 49 1 255.00 36.00 286.00 127.00
person 57 1 229.00 31.00 255.00 119.00
person -1 1 227.00 49.00 243.00 84.00
person 71 1 206.00 52.00 246.00 116.00
person -1 1 316.00 82.00 332.00 194.00
person 98 1 31.00 24.00 62.00 87.00
person 110 1 12.00 64.00 35.00 103.00
