car 66 0 8.00 207.00 180.00 275.00
car 66 0 1.00 276.00 163.00 333.00
car 41 0 206.00 207.00 284.00 333.00
car 66 0 282.00 205.00 387.00 333.00
car 41 0 408.00 160.00 493.00 321.00
car 41 0 395.00 18.00 476.00 163.00
car 41 0 312.00 46.00 389.00 203.00
car 41 0 315.00 1.00 374.00 46.00
car 41 0 237.00 1.00 306.00 123.00
car 94 0 80.00 1.00 224.00 63.00
car 94 0 64.00 26.00 231.00 137.00
chair 89 0 124.00 253.00 157.00 298.00
car 66 0 10.00 43.00 71.00 124.00
car 66 1 321.00 207.00 493.00 275.00
car 66 1 338.00 276.00 500.00 333.00
car 83 1 217.00 207.00 295.00 333.00
car 66 1 114.00 205.00 219.00 333.00
car 41 1 8.00 160.00 93.00 321.00
car 41 1 25.00 18.00 106.00 163.00
car 41 1 112.00 46.00 189.00 203.00
car 41 1 127.00 1.00 186.00 46.00
car 41 1 195.00 1.00 264.00 123.00
car 106 1 277.00 1.00 421.00 63.00
car 94 1 270.00 26.00 437.00 137.00
chair 68 1 344.00 253.00 377.00 298.00
car 66 1 430.00 43.00 491.00 124.00
