car 83 0 25.00 216.00 121.00 266.00
car 106 0 111.00 219.00 203.00 264.00
car 106 0 178.00 219.00 270.00 262.00
car 83 0 242.00 223.00 333.00 260.00
car 52 0 293.00 226.00 380.00 261.00
car 106 0 351.00 230.00 429.00 261.00
car -1 0 394.00 230.00 467.00 261.00
car -1 0 433.00 231.00 492.00 258.00
car 94 1 380.00 216.00 476.00 266.00
car 94 1 298.00 219.00 390.00 264.00
car 94 1 231.00 219.00 323.00 262.00
car 94 1 168.00 223.00 259.00 260.00
car 94 1 121.00 226.00 208.00 261.00
car 94 1 72.00 230.00 150.00 261.00
car -1 1 34.00 230.00 107.00 261.00
car -1 1 9.00 231.00 68.00 258.00
