pottedplant 23 0 229.00 62.00 280.00 89.00
pottedplant -1 0 157.00 88.00 204.00 114.00
pottedplant 105 0 210.00 116.00 256.00 150.00
pottedplant 43 0 125.00 103.00 184.00 167.00
pottedplant 55 0 163.00 130.00 214.00 197.00
pottedplant 23 0 203.00 143.00 293.00 262.00
pottedplant 43 0 277.00 88.00 369.00 235.00
pottedplant 105 0 355.00 151.00 463.00 316.00
pottedplant 105 0 19.00 170.00 102.00 302.00
pottedplant 43 0 1.00 225.00 26.00 345.00
pottedplant 23 0 1.00 117.00 68.00 180.00
pottedplant 72 0 1.00 154.00 64.00 209.00
pottedplant 105 0 65.00 100.00 87.00 150.00
pottedplant -1 0 47.00 117.00 72.00 157.00
pottedplant 43 0 33.00 94.00 56.00 134.00
pottedplant 55 0 26.00 29.00 62.00 90.00
pottedplant 55 0 2.00 28.00 30.00 86.00
pottedplant 43 0 459.00 178.00 500.00 302.00
pottedplant 55 0 454.00 78.00 495.00 145.00
pottedplant 55 0 450.00 142.00 500.00 199.00
pottedplant 23 1 221.00 62.00 272.00 89.00
pottedplant -1 1 297.00 88.00 344.00 114.00
pottedplant 105 1 245.00 116.00 291.00 150.00
pottedplant 43 1 317.00 103.00 376.00 167.00
pottedplant 55 1 287.00 130.00 338.00 197.00
pottedplant 23 1 208.00 143.00 298.00 262.00
pottedplant 43 1 132.00 88.00 224.00 235.00
pottedplant 43 1 38.00 151.00 146.00 316.00
pottedplant 105 1 399.00 170.00 482.00 302.00
pottedplant 43 1 475.00 225.00 500.00 345.00
pottedplant 23 1 433.00 117.00 500.00 180.00
pottedplant 23 1 437.00 154.00 500.00 209.00
pottedplant 105 1 414.00 100.00 436.00 150.00
pottedplant -1 1 429.00 117.00 454.00 157.00
pottedplant 105 1 445.00 94.00 468.00 134.00
pottedplant 55 1 439.00 29.00 475.00 90.00
pottedplant 55 1 471.00 28.00 499.00 86.00
pottedplant 43 1 1.00 178.00 42.00 302.00
pottedplant 55 1 6.00 78.00 47.00 145.00
pottedplant 7 1 1.00 142.00 51.00 199.00
