sofa 95 0 1.00 22.00 458.00 361.00
person 98 0 316.00 123.00 500.00 375.00
person 98 0 263.00 24.00 384.00 341.00
person 98 0 143.00 145.00 301.00 374.00
person 98 0 35.00 138.00 162.00 374.00
person 57 0 40.00 49.00 178.00 245.00
person 71 0 153.00 44.00 340.00 346.00
person 110 0 401.00 2.00 500.00 321.00
sofa 101 1 43.00 22.00 500.00 361.00
person 71 1 1.00 123.00 185.00 375.00
person 98 1 117.00 24.00 238.00 341.00
person 98 1 200.00 145.00 358.00 374.00
person 98 1 339.00 138.00 466.00 374.00
person 98 1 323.00 49.00 461.00 245.00
person 98 1 161.00 44.00 348.00 346.00
person 49 1 1.00 2.00 100.00 321.00
