bicycle 34 0 153.00 181.00 368.00 325.00
person 57 0 198.00 68.00 324.00 302.00
person 71 0 24.00 72.00 68.00 172.00
person 98 0 6.00 52.00 89.00 171.00
person 98 0 64.00 97.00 118.00 169.00
person 71 0 79.00 51.00 125.00 123.00
person 110 0 108.00 79.00 139.00 159.00
person 57 0 128.00 51.00 178.00 146.00
person 70 0 121.00 138.00 158.00 167.00
person 57 0 171.00 105.00 216.00 164.00
person 98 0 257.00 60.00 295.00 107.00
person 57 0 320.00 96.00 388.00 162.00
person 57 0 386.00 49.00 436.00 160.00
person 110 0 438.00 75.00 486.00 156.00
person 98 0 436.00 40.00 494.00 155.00
bicycle 35 1 133.00 181.00 348.00 325.00
person 57 1 177.00 68.00 303.00 302.00
person 70 1 433.00 72.00 477.00 172.00
person 70 1 412.00 52.00 495.00 171.00
person 98 1 383.00 97.00 437.00 169.00
person 98 1 376.00 51.00 422.00 123.00
person 49 1 362.00 79.00 393.00 159.00
person 57 1 323.00 51.00 373.00 146.00
person 71 1 343.00 138.00 380.00 167.00
person 57 1 285.00 105.00 330.00 164.00
person 98 1 206.00 60.00 244.00 107.00
person 57 1 113.00 96.00 181.00 162.00
person 57 1 65.00 49.00 115.00 160.00
person 110 1 15.00 75.00 63.00 156.00
person 49 1 7.00 40.00 65.00 155.00
