person 49 0 114.00 47.00 149.00 168.00
person 57 0 184.00 48.00 344.00 276.00
motorbike 81 0 178.00 109.00 338.00 292.00
person -1 0 61.00 78.00 82.00 132.00
person -1 0 33.00 81.00 58.00 134.00
motorbike -1 0 62.00 99.00 85.00 135.00
motorbike -1 0 38.00 100.00 60.00 138.00
motorbike 63 0 1.00 103.00 35.00 141.00
person 49 1 352.00 47.00 387.00 168.00
person 57 1 157.00 48.00 317.00 276.00
motorbike 62 1 163.00 109.00 323.00 292.00
person -1 1 419.00 78.00 440.00 132.00
person -1 1 443.00 81.00 468.00 134.00
motorbike -1 1 416.00 99.00 439.00 135.00
motorbike -1 1 441.00 100.00 463.00 138.00
motorbike 62 1 466.00 103.00 500.00 141.00
