bottle 13 0 93.00 237.00 128.00 339.00
bottle 13 0 121.00 230.00 153.00 333.00
bottle 82 0 171.00 220.00 198.00 304.00
bottle -1 0 255.00 190.00 272.00 228.00
bottle -1 0 238.00 186.00 256.00 248.00
person 70 0 249.00 115.00 340.00 220.00
person 110 0 344.00 107.00 445.00 260.00
person 98 0 320.00 105.00 500.00 375.00
person 70 0 117.00 130.00 199.00 241.00
person 71 0 2.00 127.00 149.00 286.00
diningtable 12 0 1.00 206.00 420.00 375.00
bottle 1 1 373.00 237.00 408.00 339.00
bottle 82 1 348.00 230.00 380.00 333.00
bottle 82 1 303.00 220.00 330.00 304.00
bottle -1 1 229.00 190.00 246.00 228.00
bottle -1 1 245.00 186.00 263.00 248.00
person 70 1 161.00 115.00 252.00 220.00
person 110 1 56.00 107.00 157.00 260.00
person 98 1 1.00 105.00 181.00 375.00
person 70 1 302.00 130.00 384.00 241.00
person 70 1 352.00 127.00 499.00 286.00
diningtable 100 1 81.00 206.00 500.00 375.00
