bus -1 0 2.00 108.00 100.00 211.00
bus 31 0 200.00 69.00 500.00 231.00
motorbike 79 0 366.00 137.00 500.00 241.00
person 49 0 407.00 100.00 480.00 219.00
person 71 0 126.00 112.00 157.00 193.00
person 98 0 171.00 112.00 203.00 192.00
person 98 0 245.00 111.00 271.00 143.00
person -1 0 224.00 116.00 246.00 144.00
bus -1 1 401.00 108.00 499.00 211.00
bus 31 1 1.00 69.00 301.00 231.00
motorbike 81 1 1.00 137.00 135.00 241.00
person 110 1 21.00 100.00 94.00 219.00
person 57 1 344.00 112.00 375.00 193.00
person 98 1 298.00 112.00 330.00 192.00
person 98 1 230.00 111.00 256.00 143.00
person -1 1 255.00 116.00 277.00 144.00
