pottedplant 23 0 405.00 261.00 427.00 288.00
pottedplant 105 0 375.00 265.00 397.00 290.00
pottedplant 105 0 337.00 265.00 359.00 296.00
pottedplant 23 0 288.00 270.00 315.00 297.00
pottedplant 105 0 236.00 272.00 259.00 304.00
car 41 0 438.00 241.00 500.00 301.00
pottedplant 55 1 74.00 261.00 96.00 288.00
pottedplant 105 1 104.00 265.00 126.00 290.00
pottedplant 105 1 142.00 265.00 164.00 296.00
pottedplant 23 1 186.00 270.00 213.00 297.00
pottedplant 105 1 242.00 272.00 265.00 304.00
car 41 1 1.00 241.00 63.00 301.00
