diningtable 21 0 61.00 154.00 439.00 291.00
chair -1 0 135.00 123.00 198.00 154.00
chair -1 0 202.00 125.00 267.00 152.00
chair -1 0 280.00 125.00 346.00 151.00
chair 107 0 367.00 132.00 478.00 287.00
chair 11 0 2.00 132.00 111.00 284.00
chair 107 0 270.00 154.00 363.00 315.00
chair 107 0 177.00 155.00 262.00 308.00
chair 11 0 71.00 153.00 181.00 312.00
diningtable 100 1 62.00 154.00 440.00 291.00
chair -1 1 303.00 123.00 366.00 154.00
chair -1 1 234.00 125.00 299.00 152.00
chair -1 1 155.00 125.00 221.00 151.00
chair 107 1 23.00 132.00 134.00 287.00
chair 11 1 390.00 132.00 499.00 284.00
chair 107 1 138.00 154.00 231.00 315.00
chair 107 1 239.00 155.00 324.00 308.00
chair 11 1 320.00 153.00 430.00 312.00
