sofa -1 0 2.00 67.00 103.00 217.00
pottedplant 23 0 224.00 72.00 298.00 178.00
pottedplant -1 0 457.00 71.00 494.00 101.00
pottedplant -1 0 167.00 54.00 181.00 168.00
pottedplant -1 0 181.00 138.00 206.00 170.00
pottedplant -1 0 298.00 75.00 320.00 150.00
person 98 0 1.00 65.00 434.00 312.00
sofa -1 1 398.00 67.00 499.00 217.00
pottedplant 23 1 203.00 72.00 277.00 178.00
pottedplant -1 1 7.00 71.00 44.00 101.00
pottedplant -1 1 320.00 54.00 334.00 168.00
pottedplant -1 1 295.00 138.00 320.00 170.00
pottedplant -1 1 181.00 75.00 203.00 150.00
person 71 1 67.00 65.00 500.00 312.00
