person 57 0 1.00 162.00 26.00 232.00
person 57 0 24.00 152.00 80.00 230.00
person 98 0 82.00 156.00 106.00 188.00
person -1 0 220.00 117.00 280.00 285.00
person 98 0 329.00 114.00 375.00 275.00
person -1 0 96.00 47.00 318.00 500.00
person 70 0 12.00 185.00 204.00 500.00
person 57 1 350.00 162.00 375.00 232.00
person 71 1 296.00 152.00 352.00 230.00
person 98 1 270.00 156.00 294.00 188.00
person -1 1 96.00 117.00 156.00 285.00
person 110 1 1.00 114.00 47.00 275.00
person -1 1 58.00 47.00 280.00 500.00
person 70 1 172.00 185.00 364.00 500.00
