person 70 0 160.00 263.00 318.00 375.00
person 57 0 332.00 245.00 439.00 375.00
person 49 0 415.00 217.00 479.00 361.00
person 57 0 397.00 142.00 500.00 347.00
person 98 0 256.00 102.00 383.00 269.00
person 71 0 181.00 133.00 257.00 223.00
person 110 0 106.00 135.00 140.00 186.00
person 98 0 1.00 93.00 171.00 375.00
diningtable 12 0 95.00 223.00 417.00 375.00
person 70 1 183.00 263.00 341.00 375.00
person 98 1 62.00 245.00 169.00 375.00
person 49 1 22.00 217.00 86.00 361.00
person 57 1 1.00 142.00 104.00 347.00
person 98 1 118.00 102.00 245.00 269.00
person 71 1 244.00 133.00 320.00 223.00
person 49 1 361.00 135.00 395.00 186.00
person 71 1 330.00 93.00 500.00 375.00
diningtable 12 1 84.00 223.00 406.00 375.00
