sheep 119 0 336.00 59.00 500.00 351.00
sheep 119 0 288.00 81.00 408.00 284.00
sheep 119 0 99.00 103.00 221.00 272.00
dog 38 0 213.00 138.00 284.00 283.00
dog 39 0 100.00 156.00 206.00 330.00
dog 26 0 1.00 159.00 121.00 326.00
dog 109 0 204.00 153.00 368.00 326.00
sheep 119 0 1.00 84.00 109.00 158.00
sheep 53 1 1.00 59.00 165.00 351.00
sheep 32 1 93.00 81.00 213.00 284.00
sheep 32 1 280.00 103.00 402.00 272.00
dog 39 1 217.00 138.00 288.00 283.00
dog 38 1 295.00 156.00 401.00 330.00
dog 26 1 380.00 159.00 500.00 326.00
dog 38 1 133.00 153.00 297.00 326.00
sheep 32 1 392.00 84.00 500.00 158.00
