person 49 0 219.00 105.00 271.00 226.00
person 49 0 225.00 119.00 245.00 165.00
person 57 0 58.00 140.00 90.00 193.00
horse 85 0 156.00 160.00 390.00 265.00
horse -1 0 212.00 133.00 305.00 175.00
horse 92 0 57.00 154.00 92.00 223.00
horse -1 0 1.00 167.00 12.00 211.00
person 110 1 230.00 105.00 282.00 226.00
person 49 1 256.00 119.00 276.00 165.00
person 98 1 411.00 140.00 443.00 193.00
horse 85 1 111.00 160.00 345.00 265.00
horse -1 1 196.00 133.00 289.00 175.00
horse 92 1 409.00 154.00 444.00 223.00
horse -1 1 489.00 167.00 500.00 211.00
