bus 31 0 184.00 222.00 258.00 298.00
car 41 0 283.00 272.00 344.00 325.00
car -1 0 185.00 265.00 237.00 308.00
car 41 0 158.00 273.00 217.00 317.00
car 41 0 7.00 284.00 271.00 371.00
car -1 0 4.00 319.00 123.00 375.00
car 41 0 302.00 247.00 355.00 309.00
car 66 0 282.00 238.00 378.00 277.00
car 66 0 356.00 232.00 406.00 256.00
car -1 0 355.00 241.00 391.00 262.00
bus 31 1 243.00 222.00 317.00 298.00
car 41 1 157.00 272.00 218.00 325.00
car -1 1 264.00 265.00 316.00 308.00
car 83 1 284.00 273.00 343.00 317.00
car 41 1 230.00 284.00 494.00 371.00
car -1 1 378.00 319.00 497.00 375.00
car 83 1 146.00 247.00 199.00 309.00
car 66 1 123.00 238.00 219.00 277.00
car 66 1 95.00 232.00 145.00 256.00
car -1 1 110.00 241.00 146.00 262.00
