car 41 0 176.00 230.00 228.00 276.00
car -1 0 156.00 233.00 174.00 250.00
car 41 0 2.00 217.00 75.00 344.00
car 83 0 283.00 234.00 324.00 255.00
car 83 0 372.00 221.00 496.00 287.00
car 83 0 315.00 216.00 370.00 255.00
car -1 0 248.00 234.00 267.00 248.00
car 66 0 80.00 204.00 140.00 271.00
car 41 1 273.00 230.00 325.00 276.00
car -1 1 327.00 233.00 345.00 250.00
car 41 1 426.00 217.00 499.00 344.00
car 83 1 177.00 234.00 218.00 255.00
car 83 1 5.00 221.00 129.00 287.00
car 83 1 131.00 216.00 186.00 255.00
car -1 1 234.00 234.00 253.00 248.00
car 66 1 361.00 204.00 421.00 271.00
