chair 51 0 197.00 247.00 321.00 374.00
chair -1 0 19.00 305.00 122.00 374.00
chair -1 0 1.00 237.00 40.00 367.00
chair -1 0 408.00 245.00 453.00 375.00
chair -1 0 449.00 315.00 484.00 375.00
diningtable 58 0 36.00 268.00 224.00 375.00
diningtable -1 0 436.00 288.00 500.00 334.00
pottedplant -1 0 312.00 267.00 360.00 326.00
pottedplant 7 0 221.00 255.00 270.00 296.00
chair 50 1 180.00 247.00 304.00 374.00
chair -1 1 379.00 305.00 482.00 374.00
chair -1 1 461.00 237.00 500.00 367.00
chair -1 1 48.00 245.00 93.00 375.00
chair -1 1 17.00 315.00 52.00 375.00
diningtable 21 1 277.00 268.00 465.00 375.00
diningtable -1 1 1.00 288.00 65.00 334.00
pottedplant -1 1 141.00 267.00 189.00 326.00
pottedplant 43 1 231.00 255.00 280.00 296.00
