person 49 0 312.00 304.00 346.00 378.00
person 98 0 269.00 289.00 302.00 339.00
person -1 0 362.00 320.00 401.00 364.00
person 110 0 408.00 313.00 439.00 372.00
person -1 0 443.00 330.00 473.00 376.00
person -1 0 477.00 335.00 500.00 386.00
boat 19 0 39.00 1.00 500.00 400.00
person 49 1 155.00 304.00 189.00 378.00
person 98 1 199.00 289.00 232.00 339.00
person -1 1 100.00 320.00 139.00 364.00
person 110 1 62.00 313.00 93.00 372.00
person -1 1 28.00 330.00 58.00 376.00
person -1 1 1.00 335.00 24.00 386.00
boat 20 1 1.00 1.00 462.00 400.00
