motorbike 28 0 175.00 223.00 231.00 322.00
motorbike 79 0 118.00 227.00 180.00 296.00
person 110 0 24.00 211.00 46.00 273.00
person 57 0 47.00 207.00 75.00 284.00
person 49 0 73.00 209.00 100.00 284.00
person 110 0 82.00 199.00 100.00 273.00
person 49 0 94.00 192.00 115.00 282.00
person 57 0 118.00 188.00 176.00 298.00
person 49 0 176.00 178.00 238.00 317.00
person 110 0 246.00 204.00 274.00 311.00
person 98 0 286.00 206.00 308.00 305.00
person 49 0 304.00 204.00 327.00 305.00
dog 39 0 309.00 273.00 358.00 311.00
person 98 0 330.00 217.00 356.00 287.00
person 98 0 362.00 218.00 392.00 305.00
person 49 0 394.00 220.00 414.00 308.00
person 49 0 414.00 198.00 445.00 307.00
person 49 0 344.00 201.00 366.00 304.00
person -1 0 238.00 199.00 255.00 249.00
motorbike 63 1 270.00 223.00 326.00 322.00
motorbike 64 1 321.00 227.00 383.00 296.00
person 110 1 455.00 211.00 477.00 273.00
person 57 1 426.00 207.00 454.00 284.00
person 49 1 401.00 209.00 428.00 284.00
person 49 1 401.00 199.00 419.00 273.00
person 49 1 386.00 192.00 407.00 282.00
person 49 1 325.00 188.00 383.00 298.00
person 49 1 263.00 178.00 325.00 317.00
person 110 1 227.00 204.00 255.00 311.00
person 110 1 193.00 206.00 215.00 305.00
person 49 1 174.00 204.00 197.00 305.00
dog 38 1 143.00 273.00 192.00 311.00
person 98 1 145.00 217.00 171.00 287.00
person 98 1 109.00 218.00 139.00 305.00
person 110 1 87.00 220.00 107.00 308.00
person 49 1 56.00 198.00 87.00 307.00
person 49 1 135.00 201.00 157.00 304.00
person -1 1 246.00 199.00 263.00 249.00
