car 41 0 132.00 278.00 166.00 329.00
bus 116 0 162.00 86.00 469.00 344.00
person -1 0 269.00 129.00 294.00 156.00
person -1 0 228.00 128.00 248.00 154.00
person -1 0 200.00 127.00 225.00 154.00
person 98 0 340.00 173.00 352.00 209.00
person 71 0 352.00 177.00 367.00 210.00
person -1 0 366.00 177.00 380.00 212.00
car 41 1 335.00 278.00 369.00 329.00
bus 115 1 32.00 86.00 339.00 344.00
person -1 1 207.00 129.00 232.00 156.00
person -1 1 253.00 128.00 273.00 154.00
person -1 1 276.00 127.00 301.00 154.00
person 49 1 149.00 173.00 161.00 209.00
person 70 1 134.00 177.00 149.00 210.00
person -1 1 121.00 177.00 135.00 212.00
