bottle 13 0 160.00 322.00 206.00 421.00
bottle 13 0 71.00 284.00 133.00 392.00
bottle 10 0 91.00 256.00 141.00 357.00
bottle 13 0 138.00 276.00 178.00 383.00
bottle 36 0 177.00 254.00 222.00 373.00
bottle 13 0 184.00 172.00 239.00 312.00
bottle 10 0 269.00 157.00 314.00 259.00
bottle 82 0 232.00 141.00 271.00 270.00
bottle 10 0 206.00 180.00 239.00 277.00
bottle 13 0 128.00 232.00 174.00 309.00
bottle 13 0 100.00 203.00 137.00 281.00
bottle 13 0 109.00 159.00 149.00 237.00
bottle 82 0 126.00 147.00 155.00 205.00
bottle 82 0 148.00 125.00 178.00 190.00
bottle -1 0 156.00 190.00 185.00 244.00
bottle 13 0 143.00 205.00 187.00 305.00
bottle 36 0 213.00 143.00 238.00 216.00
bottle 25 0 219.00 107.00 243.00 174.00
bottle 13 0 227.00 86.00 255.00 147.00
bottle -1 0 258.00 100.00 277.00 120.00
bottle 13 0 254.00 121.00 283.00 189.00
bottle -1 0 302.00 125.00 330.00 203.00
bottle 10 0 294.00 142.00 321.00 234.00
bottle -1 0 280.00 111.00 301.00 157.00
bottle -1 0 152.00 102.00 183.00 161.00
bottle 10 1 170.00 322.00 216.00 421.00
bottle 13 1 243.00 284.00 305.00 392.00
bottle 10 1 235.00 256.00 285.00 357.00
bottle 10 1 198.00 276.00 238.00 383.00
bottle 82 1 154.00 254.00 199.00 373.00
bottle 1 1 137.00 172.00 192.00 312.00
bottle 25 1 62.00 157.00 107.00 259.00
bottle 82 1 105.00 141.00 144.00 270.00
bottle 10 1 137.00 180.00 170.00 277.00
bottle 13 1 202.00 232.00 248.00 309.00
bottle 13 1 239.00 203.00 276.00 281.00
bottle 1 1 227.00 159.00 267.00 237.00
bottle 82 1 221.00 147.00 250.00 205.00
bottle 82 1 198.00 125.00 228.00 190.00
bottle -1 1 191.00 190.00 220.00 244.00
bottle 10 1 189.00 205.00 233.00 305.00
bottle 36 1 138.00 143.00 163.00 216.00
bottle 25 1 133.00 107.00 157.00 174.00
bottle 13 1 121.00 86.00 149.00 147.00
bottle -1 1 99.00 100.00 118.00 120.00
bottle 13 1 93.00 121.00 122.00 189.00
bottle -1 1 46.00 125.00 74.00 203.00
bottle 10 1 55.00 142.00 82.00 234.00
bottle -1 1 75.00 111.00 96.00 157.00
bottle -1 1 193.00 102.00 224.00 161.00
