bicycle 34 0 114.00 172.00 358.00 311.00
bicycle 34 0 353.00 88.00 500.00 203.00
bicycle 34 0 97.00 32.00 244.00 170.00
bicycle 35 0 297.00 12.00 489.00 173.00
bicycle -1 0 84.00 1.00 155.00 105.00
person 70 0 238.00 2.00 286.00 93.00
person 71 0 107.00 1.00 196.00 163.00
person 71 0 169.00 91.00 320.00 247.00
person 98 0 27.00 119.00 118.00 319.00
person 98 0 10.00 270.00 93.00 326.00
person 98 0 192.00 267.00 254.00 312.00
person 49 0 29.00 81.00 116.00 297.00
person 49 0 354.00 2.00 472.00 226.00
person 49 0 355.00 1.00 409.00 175.00
person 49 0 1.00 1.00 88.00 162.00
bicycle 35 1 143.00 172.00 387.00 311.00
bicycle 46 1 1.00 88.00 148.00 203.00
bicycle 35 1 257.00 32.00 404.00 170.00
bicycle 34 1 12.00 12.00 204.00 173.00
bicycle -1 1 346.00 1.00 417.00 105.00
person 70 1 215.00 2.00 263.00 93.00
person 98 1 305.00 1.00 394.00 163.00
person 98 1 181.00 91.00 332.00 247.00
person 49 1 383.00 119.00 474.00 319.00
person 98 1 408.00 270.00 491.00 326.00
person 98 1 247.00 267.00 309.00 312.00
person 49 1 385.00 81.00 472.00 297.00
person 49 1 29.00 2.00 147.00 226.00
person 49 1 92.00 1.00 146.00 175.00
person 98 1 413.00 1.00 500.00 162.00
