bicycle 47 0 362.00 173.00 447.00 226.00
bicycle -1 0 447.00 157.00 494.00 240.00
bicycle 34 0 270.00 111.00 363.00 219.00
bicycle 35 0 164.00 160.00 274.00 260.00
bicycle 37 0 128.00 140.00 158.00 180.00
bicycle 34 0 2.00 152.00 75.00 238.00
person 49 0 452.00 113.00 500.00 255.00
person 98 0 383.00 136.00 438.00 214.00
person 98 0 271.00 113.00 339.00 253.00
person 98 0 196.00 88.00 274.00 262.00
person 49 0 19.00 93.00 76.00 222.00
person 98 0 160.00 128.00 185.00 181.00
bicycle 46 1 54.00 173.00 139.00 226.00
bicycle -1 1 7.00 157.00 54.00 240.00
bicycle 35 1 138.00 111.00 231.00 219.00
bicycle 34 1 227.00 160.00 337.00 260.00
bicycle 37 1 343.00 140.00 373.00 180.00
bicycle 46 1 426.00 152.00 499.00 238.00
person 110 1 1.00 113.00 49.00 255.00
person 98 1 63.00 136.00 118.00 214.00
person 98 1 162.00 113.00 230.00 253.00
person 57 1 227.00 88.00 305.00 262.00
person 49 1 425.00 93.00 482.00 222.00
person 98 1 316.00 128.00 341.00 181.00
