motorbike 81 0 243.00 139.00 389.00 229.00
person 110 0 264.00 105.00 331.00 209.00
person 49 0 32.00 111.00 97.00 210.00
person 98 0 156.00 119.00 221.00 213.00
bicycle 35 0 130.00 164.00 235.00 225.00
bicycle 35 0 16.00 154.00 104.00 218.00
bicycle -1 0 306.00 34.00 352.00 58.00
bicycle -1 0 201.00 41.00 245.00 66.00
person -1 0 311.00 11.00 344.00 50.00
person -1 0 208.00 13.00 238.00 59.00
motorbike 79 1 112.00 139.00 258.00 229.00
person 49 1 170.00 105.00 237.00 209.00
person 57 1 404.00 111.00 469.00 210.00
person 98 1 280.00 119.00 345.00 213.00
bicycle 34 1 266.00 164.00 371.00 225.00
bicycle 34 1 397.00 154.00 485.00 218.00
bicycle -1 1 149.00 34.00 195.00 58.00
bicycle -1 1 256.00 41.00 300.00 66.00
person -1 1 157.00 11.00 190.00 50.00
person -1 1 263.00 13.00 293.00 59.00
