horse 14 0 345.00 75.00 427.00 295.00
horse 92 0 157.00 79.00 282.00 294.00
horse 92 0 52.00 105.00 138.00 297.00
person 98 0 337.00 32.00 439.00 193.00
person 70 0 122.00 35.00 239.00 188.00
person 98 0 1.00 58.00 102.00 308.00
person 57 0 51.00 48.00 123.00 196.00
chair 68 0 431.00 119.00 472.00 166.00
horse 92 1 54.00 75.00 136.00 295.00
horse 88 1 199.00 79.00 324.00 294.00
horse 88 1 343.00 105.00 429.00 297.00
person 98 1 42.00 32.00 144.00 193.00
person 71 1 242.00 35.00 359.00 188.00
person 49 1 379.00 58.00 480.00 308.00
person 110 1 358.00 48.00 430.00 196.00
chair 11 1 9.00 119.00 50.00 166.00
