sheep 53 0 20.00 308.00 63.00 331.00
sheep 119 0 462.00 241.00 476.00 262.00
sheep 108 0 411.00 207.00 428.00 220.00
sheep 32 0 298.00 200.00 317.00 219.00
sheep -1 0 4.00 254.00 22.00 262.00
sheep -1 0 17.00 244.00 30.00 253.00
sheep 32 0 129.00 287.00 146.00 301.00
sheep 53 0 100.00 294.00 148.00 324.00
sheep -1 0 219.00 216.00 228.00 227.00
sheep 53 1 438.00 308.00 481.00 331.00
sheep 119 1 25.00 241.00 39.00 262.00
sheep 32 1 73.00 207.00 90.00 220.00
sheep 108 1 184.00 200.00 203.00 219.00
sheep -1 1 479.00 254.00 497.00 262.00
sheep -1 1 471.00 244.00 484.00 253.00
sheep 59 1 355.00 287.00 372.00 301.00
sheep 53 1 353.00 294.00 401.00 324.00
sheep -1 1 273.00 216.00 282.00 227.00
