diningtable 45 0 132.00 253.00 302.00 375.00
person 70 0 385.00 60.00 500.00 375.00
person 70 0 286.00 170.00 419.00 375.00
person 70 0 132.00 177.00 234.00 262.00
person 98 0 25.00 171.00 175.00 375.00
chair -1 0 376.00 261.00 460.00 375.00
chair -1 0 1.00 262.00 68.00 375.00
bottle 1 0 407.00 190.00 452.00 255.00
bottle 82 0 237.00 221.00 255.00 284.00
diningtable 58 1 199.00 253.00 369.00 375.00
person 49 1 1.00 60.00 116.00 375.00
person 98 1 82.00 170.00 215.00 375.00
person 70 1 267.00 177.00 369.00 262.00
person 70 1 326.00 171.00 476.00 375.00
chair -1 1 41.00 261.00 125.00 375.00
chair -1 1 433.00 262.00 500.00 375.00
bottle 13 1 49.00 190.00 94.00 255.00
bottle 82 1 246.00 221.00 264.00 284.00
