person 49 0 306.00 247.00 332.00 339.00
person 71 0 251.00 252.00 298.00 313.00
person 70 0 146.00 234.00 182.00 284.00
person -1 0 190.00 245.00 212.00 280.00
person -1 0 106.00 245.00 137.00 286.00
person 98 0 69.00 249.00 118.00 352.00
person 49 0 29.00 231.00 55.00 298.00
person 110 0 51.00 231.00 76.00 298.00
car 83 0 3.00 314.00 331.00 500.00
car 66 0 5.00 284.00 332.00 395.00
person 49 1 1.00 247.00 27.00 339.00
person 70 1 35.00 252.00 82.00 313.00
person 70 1 151.00 234.00 187.00 284.00
person -1 1 121.00 245.00 143.00 280.00
person -1 1 196.00 245.00 227.00 286.00
person 98 1 215.00 249.00 264.00 352.00
person 98 1 278.00 231.00 304.00 298.00
person 49 1 257.00 231.00 282.00 298.00
car 66 1 2.00 314.00 330.00 500.00
car 66 1 1.00 284.00 328.00 395.00
