bicycle 35 0 186.00 173.00 305.00 276.00
bicycle 35 0 103.00 136.00 227.00 256.00
bicycle 37 0 1.00 116.00 49.00 230.00
person 70 0 210.00 120.00 315.00 241.00
person 98 0 142.00 95.00 230.00 222.00
person -1 0 140.00 72.00 239.00 220.00
person 49 0 2.00 40.00 48.00 153.00
person -1 0 2.00 22.00 65.00 51.00
bicycle 34 1 196.00 173.00 315.00 276.00
bicycle 34 1 274.00 136.00 398.00 256.00
bicycle 37 1 452.00 116.00 500.00 230.00
person 71 1 186.00 120.00 291.00 241.00
person 98 1 271.00 95.00 359.00 222.00
person -1 1 262.00 72.00 361.00 220.00
person 49 1 453.00 40.00 499.00 153.00
person -1 1 436.00 22.00 499.00 51.00
