boat 84 0 1.00 47.00 289.00 259.00
car -1 0 426.00 133.00 500.00 316.00
person 110 0 255.00 164.00 298.00 316.00
person 49 0 284.00 141.00 333.00 312.00
person 110 0 322.00 146.00 374.00 312.00
person 71 0 367.00 152.00 411.00 314.00
person 110 0 386.00 152.00 415.00 320.00
person 49 0 408.00 141.00 447.00 328.00
boat 84 1 212.00 47.00 500.00 259.00
car -1 1 1.00 133.00 75.00 316.00
person 49 1 203.00 164.00 246.00 316.00
person 49 1 168.00 141.00 217.00 312.00
person 110 1 127.00 146.00 179.00 312.00
person 98 1 90.00 152.00 134.00 314.00
person 110 1 86.00 152.00 115.00 320.00
person 49 1 54.00 141.00 93.00 328.00
