pottedplant 105 0 64.00 318.00 100.00 396.00
pottedplant 105 0 109.00 320.00 148.00 383.00
pottedplant 105 0 120.00 337.00 152.00 400.00
pottedplant 23 0 159.00 323.00 195.00 358.00
pottedplant 105 0 160.00 350.00 194.00 406.00
pottedplant 7 0 198.00 248.00 233.00 400.00
pottedplant 23 0 55.00 113.00 103.00 199.00
pottedplant 105 0 106.00 104.00 144.00 192.00
pottedplant 105 0 143.00 116.00 188.00 198.00
pottedplant 43 0 188.00 147.00 207.00 194.00
pottedplant 23 0 201.00 125.00 242.00 200.00
pottedplant 105 1 276.00 318.00 312.00 396.00
pottedplant 105 1 228.00 320.00 267.00 383.00
pottedplant 105 1 224.00 337.00 256.00 400.00
pottedplant 7 1 181.00 323.00 217.00 358.00
pottedplant 43 1 182.00 350.00 216.00 406.00
pottedplant 23 1 143.00 248.00 178.00 400.00
pottedplant 23 1 273.00 113.00 321.00 199.00
pottedplant 105 1 232.00 104.00 270.00 192.00
pottedplant 105 1 188.00 116.00 233.00 198.00
pottedplant 43 1 169.00 147.00 188.00 194.00
pottedplant 23 1 134.00 125.00 175.00 200.00
