boat -1 0 1.00 319.00 52.00 351.00
boat 16 0 90.00 269.00 196.00 307.00
boat 16 0 210.00 234.00 279.00 268.00
boat -1 0 408.00 207.00 464.00 223.00
boat -1 0 367.00 215.00 402.00 234.00
boat -1 0 462.00 190.00 500.00 211.00
bus -1 0 43.00 259.00 67.00 268.00
bus -1 0 59.00 264.00 84.00 276.00
bus -1 0 104.00 252.00 131.00 261.00
bus -1 0 131.00 248.00 153.00 257.00
boat -1 1 449.00 319.00 500.00 351.00
boat 15 1 305.00 269.00 411.00 307.00
boat 15 1 222.00 234.00 291.00 268.00
boat -1 1 37.00 207.00 93.00 223.00
boat -1 1 99.00 215.00 134.00 234.00
boat -1 1 1.00 190.00 39.00 211.00
bus -1 1 434.00 259.00 458.00 268.00
bus -1 1 417.00 264.00 442.00 276.00
bus -1 1 370.00 252.00 397.00 261.00
bus -1 1 348.00 248.00 370.00 257.00
