person 49 0 185.00 110.00 240.00 330.00
person 57 0 187.00 92.00 272.00 310.00
person 98 0 265.00 110.00 309.00 300.00
person 49 0 300.00 121.00 352.00 312.00
person 71 0 323.00 109.00 348.00 146.00
person 70 0 346.00 102.00 385.00 291.00
person 110 0 378.00 96.00 416.00 297.00
person 49 0 404.00 100.00 456.00 305.00
car 66 0 1.00 143.00 197.00 375.00
person 49 1 261.00 110.00 316.00 330.00
person 98 1 229.00 92.00 314.00 310.00
person 71 1 192.00 110.00 236.00 300.00
person 49 1 149.00 121.00 201.00 312.00
person 71 1 153.00 109.00 178.00 146.00
person 71 1 116.00 102.00 155.00 291.00
person 49 1 85.00 96.00 123.00 297.00
person 110 1 45.00 100.00 97.00 305.00
car 66 1 304.00 143.00 500.00 375.00
