person 98 0 1.00 24.00 213.00 403.00
person -1 0 45.00 362.00 318.00 500.00
person 98 0 258.00 202.00 329.00 384.00
person 57 0 219.00 237.00 290.00 373.00
person 57 0 241.00 180.00 297.00 257.00
person 71 0 246.00 188.00 265.00 213.00
person -1 0 234.00 183.00 248.00 208.00
person 57 0 166.00 188.00 241.00 362.00
person 98 0 86.00 157.00 184.00 354.00
person 98 0 133.00 165.00 196.00 344.00
person 49 0 1.00 93.00 33.00 196.00
person 98 1 121.00 24.00 333.00 403.00
person -1 1 16.00 362.00 289.00 500.00
person 98 1 5.00 202.00 76.00 384.00
person 71 1 44.00 237.00 115.00 373.00
person 57 1 37.00 180.00 93.00 257.00
person 57 1 69.00 188.00 88.00 213.00
person -1 1 86.00 183.00 100.00 208.00
person 57 1 93.00 188.00 168.00 362.00
person 57 1 150.00 157.00 248.00 354.00
person 98 1 138.00 165.00 201.00 344.00
person 49 1 301.00 93.00 333.00 196.00
