pottedplant 55 0 4.00 104.00 51.00 160.00
pottedplant 55 0 70.00 177.00 110.00 227.00
pottedplant 105 0 145.00 239.00 191.00 292.00
pottedplant 23 0 230.00 179.00 276.00 231.00
pottedplant 55 0 3.00 334.00 54.00 422.00
pottedplant 55 0 39.00 404.00 74.00 475.00
pottedplant 55 0 85.00 406.00 115.00 473.00
pottedplant 55 0 104.00 308.00 149.00 359.00
pottedplant 72 0 107.00 256.00 150.00 319.00
pottedplant 72 0 196.00 263.00 241.00 312.00
pottedplant 55 0 193.00 305.00 237.00 352.00
pottedplant 7 0 265.00 397.00 297.00 472.00
pottedplant 7 0 235.00 395.00 287.00 469.00
pottedplant 55 1 288.00 104.00 335.00 160.00
pottedplant 55 1 229.00 177.00 269.00 227.00
pottedplant 55 1 148.00 239.00 194.00 292.00
pottedplant 43 1 63.00 179.00 109.00 231.00
pottedplant 55 1 285.00 334.00 336.00 422.00
pottedplant 55 1 265.00 404.00 300.00 475.00
pottedplant 55 1 224.00 406.00 254.00 473.00
pottedplant 55 1 190.00 308.00 235.00 359.00
pottedplant 72 1 189.00 256.00 232.00 319.00
pottedplant 72 1 98.00 263.00 143.00 312.00
pottedplant 55 1 102.00 305.00 146.00 352.00
pottedplant 7 1 42.00 397.00 74.00 472.00
pottedplant 55 1 52.00 395.00 104.00 469.00
