car 83 0 394.00 316.00 474.00 360.00
car 52 0 84.00 323.00 160.00 358.00
car 52 0 20.00 321.00 85.00 353.00
person 49 0 364.00 316.00 383.00 367.00
person 49 0 234.00 310.00 249.00 356.00
car -1 0 1.00 319.00 29.00 347.00
car 83 0 474.00 324.00 500.00 355.00
car 52 1 27.00 316.00 107.00 360.00
car 83 1 341.00 323.00 417.00 358.00
car 94 1 416.00 321.00 481.00 353.00
person 110 1 118.00 316.00 137.00 367.00
person 98 1 252.00 310.00 267.00 356.00
car -1 1 472.00 319.00 500.00 347.00
car 41 1 1.00 324.00 27.00 355.00
