bus 31 0 9.00 95.00 402.00 375.00
bus 31 0 2.00 25.00 266.00 248.00
car 94 0 281.00 39.00 364.00 84.00
car 94 0 351.00 11.00 412.00 45.00
car 94 0 366.00 29.00 442.00 74.00
car -1 0 442.00 32.00 500.00 93.00
car -1 0 235.00 15.00 291.00 46.00
car 94 0 296.00 2.00 351.00 25.00
bus 6 1 99.00 95.00 492.00 375.00
bus 31 1 235.00 25.00 499.00 248.00
car 52 1 137.00 39.00 220.00 84.00
car 106 1 89.00 11.00 150.00 45.00
car 52 1 59.00 29.00 135.00 74.00
car -1 1 1.00 32.00 59.00 93.00
car -1 1 210.00 15.00 266.00 46.00
car 52 1 150.00 2.00 205.00 25.00
