motorbike 81 0 10.00 167.00 104.00 235.00
motorbike 28 0 356.00 160.00 401.00 248.00
motorbike -1 0 460.00 160.00 500.00 243.00
motorbike -1 0 204.00 174.00 234.00 240.00
car -1 0 487.00 181.00 500.00 314.00
motorbike 64 0 266.00 200.00 358.00 293.00
car 83 0 169.00 163.00 224.00 223.00
person 49 0 421.00 130.00 444.00 223.00
person 110 0 393.00 135.00 440.00 262.00
person 49 0 303.00 138.00 357.00 299.00
person 98 0 275.00 138.00 305.00 181.00
person 49 0 229.00 133.00 274.00 249.00
person 49 0 196.00 142.00 222.00 237.00
person 49 0 61.00 142.00 99.00 245.00
motorbike 79 1 397.00 167.00 491.00 235.00
motorbike 28 1 100.00 160.00 145.00 248.00
motorbike -1 1 1.00 160.00 41.00 243.00
motorbike -1 1 267.00 174.00 297.00 240.00
car -1 1 1.00 181.00 14.00 314.00
motorbike 79 1 143.00 200.00 235.00 293.00
car 83 1 277.00 163.00 332.00 223.00
person 110 1 57.00 130.00 80.00 223.00
person 110 1 61.00 135.00 108.00 262.00
person 49 1 144.00 138.00 198.00 299.00
person 71 1 196.00 138.00 226.00 181.00
person 49 1 227.00 133.00 272.00 249.00
person 49 1 279.00 142.00 305.00 237.00
person 49 1 402.00 142.00 440.00 245.00
