person 57 0 262.00 325.00 299.00 396.00
person 49 0 207.00 313.00 247.00 363.00
person 110 0 121.00 333.00 155.00 456.00
person 49 0 147.00 341.00 170.00 440.00
person 110 0 163.00 342.00 188.00 443.00
person 110 0 183.00 344.00 209.00 446.00
person 49 0 203.00 344.00 230.00 447.00
person 110 0 219.00 352.00 252.00 458.00
person 49 0 242.00 348.00 265.00 443.00
person 110 0 267.00 340.00 301.00 443.00
person 57 1 77.00 325.00 114.00 396.00
person 57 1 129.00 313.00 169.00 363.00
person 49 1 221.00 333.00 255.00 456.00
person 110 1 206.00 341.00 229.00 440.00
person 110 1 188.00 342.00 213.00 443.00
person 110 1 167.00 344.00 193.00 446.00
person 49 1 146.00 344.00 173.00 447.00
person 110 1 124.00 352.00 157.00 458.00
person 110 1 111.00 348.00 134.00 443.00
person 110 1 75.00 340.00 109.00 443.00
