bicycle 34 0 71.00 101.00 451.00 338.00
person 49 0 146.00 32.00 323.00 368.00
car 41 0 447.00 36.00 500.00 91.00
car 106 0 342.00 26.00 394.00 49.00
car 83 0 205.00 18.00 281.00 59.00
car 83 0 83.00 19.00 132.00 39.00
car -1 0 50.00 21.00 86.00 36.00
car 41 0 20.00 19.00 43.00 35.00
car 83 0 311.00 29.00 344.00 44.00
bus 116 0 141.00 1.00 314.00 45.00
bicycle 35 1 50.00 101.00 430.00 338.00
person 49 1 178.00 32.00 355.00 368.00
car 41 1 1.00 36.00 54.00 91.00
car 83 1 107.00 26.00 159.00 49.00
car 83 1 220.00 18.00 296.00 59.00
car 41 1 369.00 19.00 418.00 39.00
car -1 1 415.00 21.00 451.00 36.00
car 41 1 458.00 19.00 481.00 35.00
car 83 1 157.00 29.00 190.00 44.00
bus 115 1 187.00 1.00 360.00 45.00
