chair 11 0 93.00 271.00 164.00 375.00
chair 89 0 2.00 277.00 93.00 375.00
chair 11 0 205.00 271.00 296.00 375.00
chair 11 0 164.00 304.00 281.00 375.00
chair 11 0 316.00 271.00 401.00 368.00
chair 51 0 341.00 312.00 491.00 374.00
sofa 101 0 192.00 245.00 313.00 307.00
pottedplant -1 0 121.00 218.00 185.00 300.00
chair 11 1 337.00 271.00 408.00 375.00
chair 89 1 408.00 277.00 499.00 375.00
chair 11 1 205.00 271.00 296.00 375.00
chair 11 1 220.00 304.00 337.00 375.00
chair 11 1 100.00 271.00 185.00 368.00
chair 11 1 10.00 312.00 160.00 374.00
sofa 101 1 188.00 245.00 309.00 307.00
pottedplant -1 1 316.00 218.00 380.00 300.00
