bottle 10 0 261.00 166.00 289.00 272.00
person 98 0 4.00 65.00 171.00 375.00
person 98 0 75.00 58.00 193.00 329.00
person 70 0 158.00 68.00 339.00 216.00
person 57 0 299.00 51.00 383.00 255.00
person 49 0 358.00 83.00 500.00 372.00
diningtable 21 0 132.00 303.00 451.00 375.00
diningtable 65 0 151.00 192.00 377.00 305.00
bottle 10 1 212.00 166.00 240.00 272.00
person 98 1 330.00 65.00 497.00 375.00
person 98 1 308.00 58.00 426.00 329.00
person 70 1 162.00 68.00 343.00 216.00
person 57 1 118.00 51.00 202.00 255.00
person 49 1 1.00 83.00 143.00 372.00
diningtable 21 1 50.00 303.00 369.00 375.00
diningtable 65 1 124.00 192.00 350.00 305.00
