boat 19 0 1.00 2.00 343.00 207.00
boat -1 0 309.00 4.00 500.00 153.00
person 57 0 252.00 46.00 307.00 117.00
person -1 0 397.00 71.00 418.00 99.00
person 70 0 91.00 32.00 123.00 63.00
person 98 0 309.00 57.00 353.00 118.00
person 110 0 351.00 42.00 379.00 111.00
person 49 0 43.00 2.00 76.00 110.00
person 57 0 75.00 3.00 104.00 74.00
person 70 0 411.00 46.00 453.00 96.00
boat 20 1 158.00 2.00 500.00 207.00
boat -1 1 1.00 4.00 192.00 153.00
person 57 1 194.00 46.00 249.00 117.00
person -1 1 83.00 71.00 104.00 99.00
person 71 1 378.00 32.00 410.00 63.00
person 98 1 148.00 57.00 192.00 118.00
person 49 1 122.00 42.00 150.00 111.00
person 49 1 425.00 2.00 458.00 110.00
person 57 1 397.00 3.00 426.00 74.00
person 70 1 48.00 46.00 90.00 96.00
