diningtable 12 0 34.00 235.00 322.00 500.00
diningtable 12 0 114.00 65.00 315.00 236.00
diningtable -1 0 161.00 2.00 310.00 93.00
bottle -1 0 228.00 26.00 246.00 57.00
bottle 13 0 188.00 103.00 220.00 171.00
person 71 0 82.00 2.00 163.00 98.00
person 71 0 45.00 38.00 148.00 151.00
person 71 0 49.00 86.00 149.00 220.00
person 57 0 1.00 180.00 144.00 384.00
person -1 0 3.00 384.00 68.00 497.00
person -1 0 255.00 3.00 353.00 124.00
person 49 0 316.00 24.00 375.00 260.00
person -1 0 315.00 123.00 375.00 375.00
diningtable 12 1 54.00 235.00 342.00 500.00
diningtable 12 1 61.00 65.00 262.00 236.00
diningtable -1 1 66.00 2.00 215.00 93.00
bottle -1 1 130.00 26.00 148.00 57.00
bottle 1 1 156.00 103.00 188.00 171.00
person 98 1 213.00 2.00 294.00 98.00
person 70 1 228.00 38.00 331.00 151.00
person 98 1 227.00 86.00 327.00 220.00
person 98 1 232.00 180.00 375.00 384.00
person -1 1 308.00 384.00 373.00 497.00
person -1 1 23.00 3.00 121.00 124.00
person 110 1 1.00 24.00 60.00 260.00
person -1 1 1.00 123.00 61.00 375.00
