car 41 0 440.00 176.00 485.00 212.00
car 66 0 350.00 133.00 439.00 228.00
car 94 0 198.00 181.00 295.00 258.00
person 98 0 82.00 163.00 126.00 266.00
person 110 0 166.00 163.00 213.00 309.00
person 110 0 227.00 161.00 268.00 307.00
person 49 0 288.00 158.00 323.00 270.00
person 110 0 345.00 144.00 375.00 271.00
person 57 0 298.00 156.00 376.00 333.00
car 41 1 16.00 176.00 61.00 212.00
car 83 1 62.00 133.00 151.00 228.00
car 106 1 206.00 181.00 303.00 258.00
person 49 1 375.00 163.00 419.00 266.00
person 110 1 288.00 163.00 335.00 309.00
person 110 1 233.00 161.00 274.00 307.00
person 49 1 178.00 158.00 213.00 270.00
person 49 1 126.00 144.00 156.00 271.00
person 57 1 125.00 156.00 203.00 333.00
