car 41 0 3.00 250.00 392.00 326.00
car 66 0 358.00 255.00 453.00 306.00
car 41 0 438.00 259.00 500.00 322.00
person -1 0 61.00 250.00 75.00 276.00
person -1 0 17.00 245.00 36.00 282.00
person -1 0 1.00 248.00 12.00 294.00
person -1 0 80.00 247.00 94.00 271.00
person -1 0 42.00 248.00 57.00 273.00
person -1 0 390.00 259.00 404.00 277.00
car 41 1 109.00 250.00 498.00 326.00
car 41 1 48.00 255.00 143.00 306.00
car 41 1 1.00 259.00 63.00 322.00
person -1 1 426.00 250.00 440.00 276.00
person -1 1 465.00 245.00 484.00 282.00
person -1 1 489.00 248.00 500.00 294.00
person -1 1 407.00 247.00 421.00 271.00
person -1 1 444.00 248.00 459.00 273.00
person -1 1 97.00 259.00 111.00 277.00
