boat -1 0 1.00 2.00 500.00 353.00
boat -1 0 203.00 177.00 274.00 202.00
boat -1 0 298.00 184.00 404.00 220.00
boat -1 0 407.00 188.00 499.00 223.00
bus 93 0 313.00 263.00 500.00 358.00
car -1 0 149.00 327.00 181.00 358.00
person 110 0 476.00 300.00 500.00 375.00
person 57 0 447.00 305.00 472.00 375.00
person 98 0 409.00 308.00 439.00 375.00
person 49 0 401.00 298.00 422.00 374.00
person 49 0 360.00 306.00 390.00 375.00
person 98 0 286.00 296.00 318.00 375.00
person -1 0 312.00 313.00 334.00 375.00
person 49 0 247.00 305.00 285.00 375.00
person 98 0 227.00 306.00 256.00 375.00
person -1 0 200.00 309.00 229.00 375.00
person 49 0 191.00 305.00 211.00 375.00
person 98 0 171.00 310.00 194.00 373.00
person 98 0 119.00 308.00 156.00 375.00
person 98 0 88.00 304.00 134.00 375.00
person 98 0 46.00 303.00 81.00 374.00
person 98 0 22.00 313.00 46.00 375.00
person 98 0 3.00 311.00 25.00 375.00
boat -1 1 1.00 2.00 500.00 353.00
boat -1 1 227.00 177.00 298.00 202.00
boat -1 1 97.00 184.00 203.00 220.00
boat -1 1 2.00 188.00 94.00 223.00
bus 6 1 1.00 263.00 188.00 358.00
car -1 1 320.00 327.00 352.00 358.00
person 98 1 1.00 300.00 25.00 375.00
person 49 1 29.00 305.00 54.00 375.00
person 98 1 62.00 308.00 92.00 375.00
person 49 1 79.00 298.00 100.00 374.00
person 49 1 111.00 306.00 141.00 375.00
person 98 1 183.00 296.00 215.00 375.00
person -1 1 167.00 313.00 189.00 375.00
person 49 1 216.00 305.00 254.00 375.00
person 49 1 245.00 306.00 274.00 375.00
person -1 1 272.00 309.00 301.00 375.00
person 49 1 290.00 305.00 310.00 375.00
person 98 1 307.00 310.00 330.00 373.00
person 98 1 345.00 308.00 382.00 375.00
person 71 1 367.00 304.00 413.00 375.00
person 71 1 420.00 303.00 455.00 374.00
person 98 1 455.00 313.00 479.00 375.00
person 110 1 476.00 311.00 498.00 375.00
