bird 4 0 88.00 50.00 156.00 88.00
bird 48 0 149.00 90.00 217.00 129.00
bird 4 0 150.00 57.00 220.00 100.00
bird 33 0 151.00 323.00 228.00 363.00
bird 4 0 262.00 300.00 371.00 348.00
bird 4 0 372.00 285.00 454.00 323.00
bird 4 0 443.00 175.00 500.00 221.00
bird 48 0 266.00 174.00 362.00 217.00
bird 33 0 345.00 121.00 419.00 162.00
bird 33 0 358.00 5.00 434.00 42.00
bird 56 0 260.00 6.00 323.00 45.00
bird -1 0 301.00 25.00 364.00 54.00
bird -1 0 57.00 73.00 121.00 117.00
bird 40 0 75.00 289.00 181.00 342.00
bird 4 0 199.00 285.00 258.00 331.00
bird 48 0 323.00 275.00 409.00 314.00
bird 33 0 329.00 200.00 400.00 232.00
bird 48 0 158.00 246.00 274.00 304.00
bird 48 0 104.00 209.00 181.00 257.00
bird 4 0 81.00 142.00 149.00 204.00
bird 4 0 150.00 128.00 219.00 183.00
bird 48 0 370.00 91.00 453.00 138.00
bird 48 0 287.00 70.00 352.00 122.00
bird 4 0 183.00 38.00 234.00 74.00
bird -1 0 150.00 27.00 189.00 67.00
bird 48 0 202.00 202.00 298.00 253.00
bird 4 0 448.00 20.00 488.00 70.00
bird 4 0 387.00 41.00 460.00 91.00
bird -1 0 337.00 47.00 400.00 76.00
bird 4 0 354.00 53.00 405.00 108.00
bird 48 0 226.00 110.00 298.00 166.00
bird -1 0 224.00 102.00 299.00 139.00
bird 4 0 305.00 105.00 356.00 152.00
bird -1 0 296.00 148.00 364.00 183.00
bird 4 0 344.00 159.00 411.00 201.00
bird -1 0 453.00 135.00 500.00 181.00
bird 33 0 426.00 3.00 474.00 31.00
bird -1 0 397.00 76.00 468.00 114.00
bird -1 0 251.00 49.00 298.00 96.00
bird -1 0 273.00 27.00 321.00 74.00
bird -1 0 203.00 77.00 247.00 120.00
bird -1 0 433.00 102.00 497.00 127.00
bird 48 1 345.00 50.00 413.00 88.00
bird 48 1 284.00 90.00 352.00 129.00
bird 4 1 281.00 57.00 351.00 100.00
bird 33 1 273.00 323.00 350.00 363.00
bird 48 1 130.00 300.00 239.00 348.00
bird 33 1 47.00 285.00 129.00 323.00
bird 33 1 1.00 175.00 58.00 221.00
bird 48 1 139.00 174.00 235.00 217.00
bird 48 1 82.00 121.00 156.00 162.00
bird 48 1 67.00 5.00 143.00 42.00
bird 33 1 178.00 6.00 241.00 45.00
bird -1 1 137.00 25.00 200.00 54.00
bird -1 1 380.00 73.00 444.00 117.00
bird 4 1 320.00 289.00 426.00 342.00
bird 4 1 243.00 285.00 302.00 331.00
bird 48 1 92.00 275.00 178.00 314.00
bird 33 1 101.00 200.00 172.00 232.00
bird 48 1 227.00 246.00 343.00 304.00
bird 48 1 320.00 209.00 397.00 257.00
bird 40 1 352.00 142.00 420.00 204.00
bird 67 1 282.00 128.00 351.00 183.00
bird 48 1 48.00 91.00 131.00 138.00
bird 40 1 149.00 70.00 214.00 122.00
bird 4 1 267.00 38.00 318.00 74.00
bird -1 1 312.00 27.00 351.00 67.00
bird 4 1 203.00 202.00 299.00 253.00
bird 4 1 13.00 20.00 53.00 70.00
bird 4 1 41.00 41.00 114.00 91.00
bird -1 1 101.00 47.00 164.00 76.00
bird 4 1 96.00 53.00 147.00 108.00
bird 40 1 203.00 110.00 275.00 166.00
bird -1 1 202.00 102.00 277.00 139.00
bird 4 1 145.00 105.00 196.00 152.00
bird -1 1 137.00 148.00 205.00 183.00
bird 4 1 90.00 159.00 157.00 201.00
bird -1 1 1.00 135.00 48.00 181.00
bird 33 1 27.00 3.00 75.00 31.00
bird -1 1 33.00 76.00 104.00 114.00
bird -1 1 203.00 49.00 250.00 96.00
bird -1 1 180.00 27.00 228.00 74.00
bird -1 1 254.00 77.00 298.00 120.00
bird -1 1 4.00 102.00 68.00 127.00
