chair 50 0 168.00 358.00 260.00 500.00
chair -1 0 319.00 334.00 375.00 388.00
chair -1 0 312.00 286.00 349.00 306.00
chair 50 0 30.00 272.00 63.00 388.00
chair 107 0 58.00 268.00 143.00 412.00
chair 51 0 2.00 292.00 78.00 474.00
diningtable 45 0 64.00 280.00 271.00 412.00
diningtable 58 0 235.00 383.00 375.00 500.00
chair 51 1 116.00 358.00 208.00 500.00
chair -1 1 1.00 334.00 57.00 388.00
chair -1 1 27.00 286.00 64.00 306.00
chair 51 1 313.00 272.00 346.00 388.00
chair 107 1 233.00 268.00 318.00 412.00
chair 50 1 298.00 292.00 374.00 474.00
diningtable 45 1 105.00 280.00 312.00 412.00
diningtable 58 1 1.00 383.00 141.00 500.00
