train -1 0 380.00 29.00 500.00 299.00
train 2 0 121.00 45.00 417.00 337.00
person -1 0 132.00 208.00 156.00 252.00
person 110 0 66.00 189.00 101.00 294.00
person -1 0 104.00 214.00 113.00 232.00
train -1 0 383.00 34.00 500.00 301.00
train -1 0 1.00 197.00 45.00 239.00
train -1 1 1.00 29.00 121.00 299.00
train 2 1 84.00 45.00 380.00 337.00
person -1 1 345.00 208.00 369.00 252.00
person 49 1 400.00 189.00 435.00 294.00
person -1 1 388.00 214.00 397.00 232.00
train -1 1 1.00 34.00 118.00 301.00
train -1 1 456.00 197.00 500.00 239.00
