chair -1 0 149.00 190.00 221.00 263.00
chair -1 0 223.00 177.00 278.00 239.00
chair -1 0 406.00 164.00 469.00 220.00
chair -1 0 29.00 264.00 128.00 375.00
chair 68 0 419.00 209.00 500.00 375.00
chair 89 0 367.00 230.00 457.00 375.00
diningtable 65 0 47.00 199.00 500.00 375.00
pottedplant 23 0 89.00 129.00 160.00 216.00
chair -1 1 280.00 190.00 352.00 263.00
chair -1 1 223.00 177.00 278.00 239.00
chair -1 1 32.00 164.00 95.00 220.00
chair -1 1 373.00 264.00 472.00 375.00
chair 11 1 1.00 209.00 82.00 375.00
chair 50 1 44.00 230.00 134.00 375.00
diningtable 65 1 1.00 199.00 454.00 375.00
pottedplant 23 1 341.00 129.00 412.00 216.00
