person 98 0 220.00 74.00 241.00 129.00
person 98 0 88.00 77.00 103.00 113.00
person 98 0 57.00 82.00 75.00 114.00
person 98 0 408.00 61.00 450.00 165.00
person 49 0 372.00 61.00 408.00 167.00
person 110 0 269.00 15.00 378.00 297.00
bottle -1 0 185.00 287.00 203.00 342.00
bottle -1 0 210.00 302.00 222.00 340.00
bottle -1 0 267.00 298.00 284.00 344.00
bottle -1 0 285.00 301.00 300.00 344.00
bottle -1 0 170.00 296.00 182.00 337.00
bottle -1 0 146.00 285.00 159.00 333.00
person 49 1 260.00 74.00 281.00 129.00
person 98 1 398.00 77.00 413.00 113.00
person 70 1 426.00 82.00 444.00 114.00
person 98 1 51.00 61.00 93.00 165.00
person 98 1 93.00 61.00 129.00 167.00
person 49 1 123.00 15.00 232.00 297.00
bottle -1 1 298.00 287.00 316.00 342.00
bottle -1 1 279.00 302.00 291.00 340.00
bottle -1 1 217.00 298.00 234.00 344.00
bottle -1 1 201.00 301.00 216.00 344.00
bottle -1 1 319.00 296.00 331.00 337.00
bottle -1 1 342.00 285.00 355.00 333.00
