car 41 0 4.00 268.00 164.00 374.00
car 83 0 42.00 243.00 125.00 282.00
car 41 0 345.00 253.00 500.00 373.00
car 41 0 421.00 236.00 500.00 263.00
car 41 0 268.00 240.00 308.00 269.00
car -1 0 282.00 223.00 316.00 262.00
car -1 0 258.00 230.00 270.00 242.00
car 41 1 337.00 268.00 497.00 374.00
car 94 1 376.00 243.00 459.00 282.00
car 41 1 1.00 253.00 156.00 373.00
car 41 1 1.00 236.00 80.00 263.00
car 41 1 193.00 240.00 233.00 269.00
car -1 1 185.00 223.00 219.00 262.00
car -1 1 231.00 230.00 243.00 242.00
