horse 85 0 181.00 122.00 402.00 318.00
cow -1 0 1.00 191.00 132.00 370.00
cow 102 0 1.00 100.00 197.00 221.00
cow 5 0 266.00 95.00 348.00 157.00
cow 5 0 262.00 71.00 429.00 170.00
cow 102 0 433.00 79.00 493.00 218.00
person 49 0 202.00 33.00 270.00 263.00
horse 88 1 99.00 122.00 320.00 318.00
cow -1 1 369.00 191.00 500.00 370.00
cow 3 1 304.00 100.00 500.00 221.00
cow 5 1 153.00 95.00 235.00 157.00
cow 5 1 72.00 71.00 239.00 170.00
cow 102 1 8.00 79.00 68.00 218.00
person 57 1 231.00 33.00 299.00 263.00
