cow 61 0 23.00 238.00 101.00 314.00
cow 73 0 100.00 207.00 176.00 267.00
cow 61 0 257.00 243.00 340.00 302.00
cow -1 0 317.00 219.00 372.00 262.00
cow 3 0 203.00 188.00 262.00 242.00
cow -1 0 137.00 116.00 186.00 149.00
cow -1 0 210.00 107.00 251.00 125.00
cow -1 0 267.00 100.00 288.00 134.00
cow -1 0 291.00 111.00 309.00 151.00
cow -1 0 362.00 113.00 386.00 146.00
cow -1 0 420.00 148.00 458.00 167.00
cow -1 0 196.00 53.00 235.00 79.00
cow -1 0 165.00 49.00 195.00 67.00
cow 74 1 400.00 238.00 478.00 314.00
cow 74 1 325.00 207.00 401.00 267.00
cow 61 1 161.00 243.00 244.00 302.00
cow -1 1 129.00 219.00 184.00 262.00
cow 74 1 239.00 188.00 298.00 242.00
cow -1 1 315.00 116.00 364.00 149.00
cow -1 1 250.00 107.00 291.00 125.00
cow -1 1 213.00 100.00 234.00 134.00
cow -1 1 192.00 111.00 210.00 151.00
cow -1 1 115.00 113.00 139.00 146.00
cow -1 1 43.00 148.00 81.00 167.00
cow -1 1 266.00 53.00 305.00 79.00
cow -1 1 306.00 49.00 336.00 67.00
