sheep 108 0 295.00 171.00 450.00 289.00
sheep 117 0 238.00 148.00 387.00 186.00
sheep 119 0 270.00 141.00 422.00 178.00
sheep 53 0 74.00 132.00 228.00 274.00
sheep 59 0 1.00 108.00 69.00 204.00
sheep 117 0 104.00 107.00 198.00 131.00
sheep 119 0 232.00 110.00 294.00 140.00
sheep 119 0 205.00 100.00 334.00 137.00
sheep 53 0 189.00 174.00 308.00 298.00
sheep 59 0 435.00 112.00 493.00 145.00
sheep 119 0 8.00 127.00 139.00 236.00
sheep -1 0 454.00 123.00 500.00 203.00
sheep -1 0 477.00 89.00 499.00 121.00
sheep 32 0 369.00 105.00 419.00 141.00
sheep -1 0 374.00 118.00 436.00 145.00
sheep 53 0 412.00 138.00 469.00 252.00
sheep 117 0 302.00 110.00 371.00 149.00
sheep 108 0 124.00 125.00 149.00 154.00
sheep 117 0 65.00 113.00 117.00 138.00
sheep 108 1 51.00 171.00 206.00 289.00
sheep 117 1 114.00 148.00 263.00 186.00
sheep 117 1 79.00 141.00 231.00 178.00
sheep 53 1 273.00 132.00 427.00 274.00
sheep 59 1 432.00 108.00 500.00 204.00
sheep 117 1 303.00 107.00 397.00 131.00
sheep 117 1 207.00 110.00 269.00 140.00
sheep 117 1 167.00 100.00 296.00 137.00
sheep 53 1 193.00 174.00 312.00 298.00
sheep 59 1 8.00 112.00 66.00 145.00
sheep 53 1 362.00 127.00 493.00 236.00
sheep -1 1 1.00 123.00 47.00 203.00
sheep -1 1 2.00 89.00 24.00 121.00
sheep 59 1 82.00 105.00 132.00 141.00
sheep -1 1 65.00 118.00 127.00 145.00
sheep 108 1 32.00 138.00 89.00 252.00
sheep 117 1 130.00 110.00 199.00 149.00
sheep 32 1 352.00 125.00 377.00 154.00
sheep 117 1 384.00 113.00 436.00 138.00
