person 70 0 54.00 180.00 146.00 332.00
person 70 0 57.00 148.00 147.00 302.00
person 71 0 186.00 157.00 237.00 233.00
person 70 0 220.00 139.00 302.00 195.00
person 70 0 224.00 176.00 309.00 233.00
person 98 0 273.00 174.00 383.00 376.00
person 98 0 217.00 213.00 342.00 381.00
bottle 1 0 234.00 250.00 253.00 295.00
bottle 13 0 200.00 274.00 214.00 320.00
person 70 1 266.00 180.00 358.00 332.00
person 98 1 265.00 148.00 355.00 302.00
person 57 1 175.00 157.00 226.00 233.00
person 70 1 110.00 139.00 192.00 195.00
person 70 1 103.00 176.00 188.00 233.00
person 98 1 29.00 174.00 139.00 376.00
person 98 1 70.00 213.00 195.00 381.00
bottle 1 1 159.00 250.00 178.00 295.00
bottle 10 1 198.00 274.00 212.00 320.00
