person 57 0 355.00 167.00 480.00 374.00
person 70 0 342.00 171.00 408.00 266.00
person 98 0 263.00 197.00 361.00 372.00
person 98 0 132.00 179.00 266.00 372.00
person 49 0 34.00 187.00 135.00 349.00
person 98 0 238.00 169.00 295.00 252.00
person -1 0 149.00 212.00 178.00 255.00
diningtable -1 0 98.00 241.00 412.00 373.00
chair -1 0 300.00 300.00 404.00 374.00
chair -1 0 162.00 326.00 283.00 375.00
chair 68 0 426.00 305.00 500.00 375.00
chair 68 0 2.00 259.00 100.00 374.00
person 57 1 21.00 167.00 146.00 374.00
person 71 1 93.00 171.00 159.00 266.00
person 110 1 140.00 197.00 238.00 372.00
person 71 1 235.00 179.00 369.00 372.00
person 98 1 366.00 187.00 467.00 349.00
person 70 1 206.00 169.00 263.00 252.00
person -1 1 323.00 212.00 352.00 255.00
diningtable -1 1 89.00 241.00 403.00 373.00
chair -1 1 97.00 300.00 201.00 374.00
chair -1 1 218.00 326.00 339.00 375.00
chair 11 1 1.00 305.00 75.00 375.00
chair 11 1 401.00 259.00 499.00 374.00
