chair 89 0 441.00 181.00 493.00 244.00
chair -1 0 387.00 172.00 422.00 199.00
chair -1 0 265.00 240.00 351.00 283.00
chair -1 0 54.00 270.00 136.00 350.00
chair 51 0 61.00 211.00 142.00 273.00
chair 51 0 169.00 199.00 240.00 262.00
chair -1 0 143.00 177.00 167.00 204.00
chair -1 0 170.00 189.00 199.00 223.00
chair -1 0 330.00 171.00 368.00 214.00
diningtable 65 0 200.00 272.00 403.00 346.00
diningtable -1 0 97.00 201.00 192.00 266.00
chair 89 1 8.00 181.00 60.00 244.00
chair -1 1 79.00 172.00 114.00 199.00
chair -1 1 150.00 240.00 236.00 283.00
chair -1 1 365.00 270.00 447.00 350.00
chair 51 1 359.00 211.00 440.00 273.00
chair 50 1 261.00 199.00 332.00 262.00
chair -1 1 334.00 177.00 358.00 204.00
chair -1 1 302.00 189.00 331.00 223.00
chair -1 1 133.00 171.00 171.00 214.00
diningtable 65 1 98.00 272.00 301.00 346.00
diningtable -1 1 309.00 201.00 404.00 266.00
