person 49 0 110.00 96.00 176.00 289.00
person 98 0 159.00 82.00 245.00 341.00
person 57 0 212.00 88.00 353.00 374.00
person 49 0 331.00 77.00 435.00 373.00
person 110 0 203.00 15.00 328.00 375.00
person 98 0 3.00 113.00 273.00 375.00
person 98 0 460.00 110.00 486.00 195.00
person 110 0 419.00 107.00 456.00 203.00
bus 115 0 3.00 11.00 434.00 135.00
person 49 1 325.00 96.00 391.00 289.00
person 98 1 256.00 82.00 342.00 341.00
person 57 1 148.00 88.00 289.00 374.00
person 98 1 66.00 77.00 170.00 373.00
person 49 1 173.00 15.00 298.00 375.00
person 70 1 228.00 113.00 498.00 375.00
person 49 1 15.00 110.00 41.00 195.00
person 110 1 45.00 107.00 82.00 203.00
bus 116 1 67.00 11.00 498.00 135.00
