horse 85 0 348.00 140.00 461.00 231.00
horse 85 0 47.00 126.00 121.00 174.00
person 57 0 388.00 106.00 427.00 171.00
person 98 0 72.00 100.00 103.00 148.00
cow 5 0 53.00 152.00 137.00 231.00
cow 102 0 89.00 164.00 185.00 235.00
cow 102 0 174.00 163.00 263.00 245.00
cow 102 0 190.00 169.00 250.00 238.00
cow 102 0 252.00 167.00 296.00 254.00
cow 102 0 290.00 162.00 326.00 241.00
cow 102 0 320.00 173.00 356.00 250.00
cow -1 0 342.00 167.00 369.00 242.00
cow 102 0 379.00 166.00 424.00 251.00
cow -1 0 458.00 156.00 500.00 218.00
cow -1 0 252.00 153.00 329.00 178.00
cow -1 0 327.00 153.00 348.00 170.00
horse 99 1 40.00 140.00 153.00 231.00
horse 99 1 380.00 126.00 454.00 174.00
person 57 1 74.00 106.00 113.00 171.00
person 98 1 398.00 100.00 429.00 148.00
cow 74 1 364.00 152.00 448.00 231.00
cow 102 1 316.00 164.00 412.00 235.00
cow 61 1 238.00 163.00 327.00 245.00
cow 61 1 251.00 169.00 311.00 238.00
cow 102 1 205.00 167.00 249.00 254.00
cow 102 1 175.00 162.00 211.00 241.00
cow 102 1 145.00 173.00 181.00 250.00
cow -1 1 132.00 167.00 159.00 242.00
cow 102 1 77.00 166.00 122.00 251.00
cow -1 1 1.00 156.00 43.00 218.00
cow -1 1 172.00 153.00 249.00 178.00
cow -1 1 153.00 153.00 174.00 170.00
