car 83 0 2.00 52.00 172.00 188.00
person 71 0 265.00 58.00 309.00 104.00
person -1 0 145.00 48.00 171.00 85.00
person 49 0 411.00 19.00 477.00 272.00
person 49 0 313.00 1.00 430.00 315.00
motorbike 81 0 182.00 103.00 332.00 174.00
motorbike 64 0 58.00 132.00 394.00 280.00
car 83 1 329.00 52.00 499.00 188.00
person 57 1 192.00 58.00 236.00 104.00
person -1 1 330.00 48.00 356.00 85.00
person 49 1 24.00 19.00 90.00 272.00
person 49 1 71.00 1.00 188.00 315.00
motorbike 81 1 169.00 103.00 319.00 174.00
motorbike 64 1 107.00 132.00 443.00 280.00
