pottedplant 23 0 319.00 33.00 500.00 322.00
person 71 0 379.00 303.00 417.00 360.00
person 98 0 337.00 295.00 382.00 354.00
person 98 0 186.00 257.00 224.00 309.00
person -1 0 225.00 263.00 245.00 285.00
person 70 0 52.00 308.00 71.00 331.00
person 98 0 38.00 309.00 56.00 335.00
person 70 0 63.00 307.00 82.00 329.00
pottedplant 23 1 1.00 33.00 182.00 322.00
person 98 1 84.00 303.00 122.00 360.00
person 49 1 119.00 295.00 164.00 354.00
person 98 1 277.00 257.00 315.00 309.00
person -1 1 256.00 263.00 276.00 285.00
person 71 1 430.00 308.00 449.00 331.00
person 70 1 445.00 309.00 463.00 335.00
person 70 1 419.00 307.00 438.00 329.00
