bus 31 0 263.00 165.00 298.00 226.00
bus 6 0 86.00 59.00 264.00 299.00
car 41 0 36.00 215.00 86.00 258.00
car 41 0 1.00 205.00 56.00 266.00
person 57 0 120.00 217.00 263.00 500.00
person 49 0 221.00 228.00 263.00 408.00
person 49 0 245.00 187.00 282.00 259.00
person 49 0 253.00 225.00 340.00 498.00
person 57 0 295.00 316.00 472.00 500.00
person 49 0 401.00 201.00 484.00 500.00
person 110 0 391.00 171.00 429.00 217.00
person 98 0 334.00 199.00 412.00 321.00
person 49 0 312.00 201.00 354.00 270.00
bus 31 1 203.00 165.00 238.00 226.00
bus 75 1 237.00 59.00 415.00 299.00
car 83 1 415.00 215.00 465.00 258.00
car 41 1 445.00 205.00 500.00 266.00
person 49 1 238.00 217.00 381.00 500.00
person 49 1 238.00 228.00 280.00 408.00
person 110 1 219.00 187.00 256.00 259.00
person 49 1 161.00 225.00 248.00 498.00
person 57 1 29.00 316.00 206.00 500.00
person 49 1 17.00 201.00 100.00 500.00
person 110 1 72.00 171.00 110.00 217.00
person 98 1 89.00 199.00 167.00 321.00
person 49 1 147.00 201.00 189.00 270.00
