person 57 0 2.00 26.00 375.00 450.00
bicycle 46 0 25.00 165.00 375.00 500.00
person 70 0 3.00 1.00 71.00 121.00
person 71 0 119.00 1.00 173.00 40.00
person -1 0 174.00 1.00 228.00 199.00
person 98 0 259.00 1.00 324.00 206.00
person 110 0 319.00 2.00 360.00 110.00
bicycle 46 0 317.00 61.00 375.00 143.00
person 49 1 1.00 26.00 374.00 450.00
bicycle 47 1 1.00 165.00 351.00 500.00
person 71 1 305.00 1.00 373.00 121.00
person 98 1 203.00 1.00 257.00 40.00
person -1 1 148.00 1.00 202.00 199.00
person 98 1 52.00 1.00 117.00 206.00
person 49 1 16.00 2.00 57.00 110.00
bicycle 47 1 1.00 61.00 59.00 143.00
