diningtable 65 0 56.00 97.00 475.00 331.00
chair -1 0 404.00 143.00 491.00 300.00
chair -1 0 355.00 89.00 418.00 219.00
chair -1 0 341.00 76.00 380.00 170.00
chair -1 0 316.00 67.00 348.00 138.00
chair -1 0 200.00 56.00 263.00 99.00
chair -1 0 117.00 73.00 143.00 141.00
chair -1 0 92.00 81.00 136.00 176.00
chair -1 0 68.00 94.00 126.00 229.00
chair -1 0 15.00 150.00 93.00 321.00
chair 50 0 1.00 81.00 52.00 159.00
chair -1 0 128.00 47.00 181.00 107.00
diningtable 65 1 26.00 97.00 445.00 331.00
chair -1 1 10.00 143.00 97.00 300.00
chair -1 1 83.00 89.00 146.00 219.00
chair -1 1 121.00 76.00 160.00 170.00
chair -1 1 153.00 67.00 185.00 138.00
chair -1 1 238.00 56.00 301.00 99.00
chair -1 1 358.00 73.00 384.00 141.00
chair -1 1 365.00 81.00 409.00 176.00
chair -1 1 375.00 94.00 433.00 229.00
chair -1 1 408.00 150.00 486.00 321.00
chair 51 1 449.00 81.00 500.00 159.00
chair -1 1 320.00 47.00 373.00 107.00
