diningtable 12 0 2.00 213.00 500.00 375.00
bottle 1 0 420.00 207.00 471.00 354.00
bottle 36 0 245.00 216.00 274.00 308.00
bottle 82 0 239.00 188.00 277.00 293.00
bottle 10 0 297.00 181.00 334.00 276.00
bottle 1 0 136.00 176.00 192.00 207.00
pottedplant 23 0 276.00 43.00 344.00 107.00
chair -1 0 444.00 157.00 500.00 220.00
person 70 0 339.00 112.00 500.00 250.00
person 71 0 266.00 102.00 376.00 238.00
person 98 0 114.00 85.00 261.00 224.00
person 98 0 6.00 104.00 110.00 230.00
diningtable 12 1 1.00 213.00 499.00 375.00
bottle 82 1 30.00 207.00 81.00 354.00
bottle 36 1 227.00 216.00 256.00 308.00
bottle 10 1 224.00 188.00 262.00 293.00
bottle 13 1 167.00 181.00 204.00 276.00
bottle 1 1 309.00 176.00 365.00 207.00
pottedplant 23 1 157.00 43.00 225.00 107.00
chair -1 1 1.00 157.00 57.00 220.00
person 70 1 1.00 112.00 162.00 250.00
person 71 1 125.00 102.00 235.00 238.00
person 70 1 240.00 85.00 387.00 224.00
person 98 1 391.00 104.00 495.00 230.00
