person 49 0 279.00 71.00 412.00 361.00
person 98 0 51.00 94.00 198.00 361.00
person -1 0 362.00 55.00 381.00 118.00
person -1 0 397.00 66.00 415.00 107.00
person 71 0 406.00 78.00 423.00 111.00
person -1 0 419.00 83.00 442.00 124.00
diningtable 100 0 121.00 181.00 326.00 369.00
diningtable -1 0 383.00 149.00 469.00 209.00
diningtable -1 0 419.00 127.00 500.00 166.00
diningtable -1 0 362.00 107.00 425.00 146.00
person -1 0 486.00 88.00 500.00 138.00
chair 51 0 339.00 153.00 487.00 372.00
chair 11 0 1.00 160.00 154.00 374.00
chair 51 0 317.00 212.00 500.00 375.00
chair -1 0 1.00 214.00 51.00 375.00
person 98 1 89.00 71.00 222.00 361.00
person 98 1 303.00 94.00 450.00 361.00
person -1 1 120.00 55.00 139.00 118.00
person -1 1 86.00 66.00 104.00 107.00
person 98 1 78.00 78.00 95.00 111.00
person -1 1 59.00 83.00 82.00 124.00
diningtable 58 1 175.00 181.00 380.00 369.00
diningtable -1 1 32.00 149.00 118.00 209.00
diningtable -1 1 1.00 127.00 82.00 166.00
diningtable -1 1 76.00 107.00 139.00 146.00
person -1 1 1.00 88.00 15.00 138.00
chair 50 1 14.00 153.00 162.00 372.00
chair 11 1 347.00 160.00 500.00 374.00
chair 50 1 1.00 212.00 184.00 375.00
chair -1 1 450.00 214.00 500.00 375.00
