person 49 0 274.00 97.00 323.00 335.00
person 98 0 217.00 126.00 335.00 340.00
person 98 0 133.00 178.00 227.00 358.00
person 98 0 390.00 82.00 493.00 291.00
person 98 0 281.00 38.00 337.00 128.00
person 71 0 70.00 50.00 138.00 138.00
person 49 0 1.00 105.00 92.00 351.00
person 110 0 69.00 110.00 157.00 357.00
person 98 0 175.00 124.00 236.00 304.00
person 71 0 125.00 52.00 205.00 187.00
person 57 0 201.00 67.00 282.00 172.00
person 49 0 310.00 75.00 374.00 209.00
person 98 0 362.00 60.00 426.00 218.00
person 71 0 306.00 206.00 394.00 352.00
person 98 0 388.00 190.00 487.00 356.00
person 110 1 178.00 97.00 227.00 335.00
person 70 1 166.00 126.00 284.00 340.00
person 98 1 274.00 178.00 368.00 358.00
person 98 1 8.00 82.00 111.00 291.00
person 98 1 164.00 38.00 220.00 128.00
person 98 1 363.00 50.00 431.00 138.00
person 49 1 409.00 105.00 500.00 351.00
person 49 1 344.00 110.00 432.00 357.00
person 98 1 265.00 124.00 326.00 304.00
person 70 1 296.00 52.00 376.00 187.00
person 98 1 219.00 67.00 300.00 172.00
person 98 1 127.00 75.00 191.00 209.00
person 49 1 75.00 60.00 139.00 218.00
person 98 1 107.00 206.00 195.00 352.00
person 49 1 14.00 190.00 113.00 356.00
