bottle 1 0 377.00 168.00 425.00 310.00
diningtable -1 0 147.00 259.00 500.00 333.00
person 98 0 427.00 118.00 500.00 262.00
person 70 0 315.00 128.00 416.00 258.00
person 70 0 138.00 138.00 272.00 292.00
person 70 0 1.00 28.00 169.00 333.00
bottle 13 0 326.00 178.00 359.00 271.00
bottle 1 1 76.00 168.00 124.00 310.00
diningtable -1 1 1.00 259.00 354.00 333.00
person 98 1 1.00 118.00 74.00 262.00
person 70 1 85.00 128.00 186.00 258.00
person 98 1 229.00 138.00 363.00 292.00
person 70 1 332.00 28.00 500.00 333.00
bottle 1 1 142.00 178.00 175.00 271.00
