bicycle -1 0 332.00 227.00 368.00 298.00
bicycle -1 0 366.00 207.00 397.00 265.00
bicycle -1 0 259.00 228.00 288.00 309.00
bicycle 34 0 168.00 239.00 220.00 311.00
bicycle -1 0 54.00 238.00 102.00 320.00
person 57 0 165.00 166.00 220.00 302.00
person 49 0 55.00 176.00 111.00 286.00
person 57 0 246.00 167.00 297.00 294.00
person 57 0 323.00 155.00 381.00 292.00
person 49 0 31.00 186.00 65.00 305.00
person 49 0 1.00 174.00 24.00 301.00
person 57 0 401.00 158.00 427.00 250.00
person 110 0 429.00 159.00 454.00 255.00
person 110 0 452.00 154.00 474.00 252.00
person 49 0 468.00 150.00 497.00 250.00
person -1 0 491.00 153.00 500.00 245.00
bus 93 0 216.00 141.00 318.00 238.00
bus 93 0 259.00 132.00 412.00 243.00
bicycle -1 1 133.00 227.00 169.00 298.00
bicycle -1 1 104.00 207.00 135.00 265.00
bicycle -1 1 213.00 228.00 242.00 309.00
bicycle 35 1 281.00 239.00 333.00 311.00
bicycle -1 1 399.00 238.00 447.00 320.00
person 49 1 281.00 166.00 336.00 302.00
person 49 1 390.00 176.00 446.00 286.00
person 57 1 204.00 167.00 255.00 294.00
person 57 1 120.00 155.00 178.00 292.00
person 110 1 436.00 186.00 470.00 305.00
person 49 1 477.00 174.00 500.00 301.00
person 49 1 74.00 158.00 100.00 250.00
person 110 1 47.00 159.00 72.00 255.00
person 110 1 27.00 154.00 49.00 252.00
person 98 1 4.00 150.00 33.00 250.00
person -1 1 1.00 153.00 10.00 245.00
bus 93 1 183.00 141.00 285.00 238.00
bus 93 1 89.00 132.00 242.00 243.00
