car 41 0 10.00 156.00 55.00 180.00
car -1 0 165.00 157.00 185.00 177.00
car -1 0 180.00 156.00 201.00 173.00
car -1 0 199.00 159.00 216.00 177.00
car -1 0 218.00 160.00 248.00 181.00
car -1 0 251.00 161.00 277.00 182.00
car -1 0 273.00 161.00 295.00 184.00
car 83 0 293.00 163.00 327.00 186.00
car 66 0 327.00 181.00 379.00 206.00
car 41 0 422.00 174.00 459.00 198.00
car -1 0 379.00 167.00 408.00 192.00
car 41 0 444.00 201.00 493.00 237.00
car 106 0 103.00 199.00 198.00 230.00
car -1 0 66.00 188.00 121.00 213.00
car 94 0 65.00 164.00 121.00 187.00
car 41 1 446.00 156.00 491.00 180.00
car -1 1 316.00 157.00 336.00 177.00
car -1 1 300.00 156.00 321.00 173.00
car -1 1 285.00 159.00 302.00 177.00
car -1 1 253.00 160.00 283.00 181.00
car -1 1 224.00 161.00 250.00 182.00
car -1 1 206.00 161.00 228.00 184.00
car 83 1 174.00 163.00 208.00 186.00
car 66 1 122.00 181.00 174.00 206.00
car 41 1 42.00 174.00 79.00 198.00
car -1 1 93.00 167.00 122.00 192.00
car 52 1 8.00 201.00 57.00 237.00
car 94 1 303.00 199.00 398.00 230.00
car -1 1 380.00 188.00 435.00 213.00
car 52 1 380.00 164.00 436.00 187.00
