boat 20 0 410.00 85.00 500.00 151.00
boat -1 0 472.00 149.00 500.00 192.00
boat -1 0 325.00 142.00 353.00 154.00
boat -1 0 245.00 128.00 270.00 151.00
boat -1 0 168.00 142.00 220.00 170.00
boat -1 0 14.00 131.00 68.00 157.00
boat -1 0 99.00 121.00 135.00 141.00
boat 19 1 1.00 85.00 91.00 151.00
boat -1 1 1.00 149.00 29.00 192.00
boat -1 1 148.00 142.00 176.00 154.00
boat -1 1 231.00 128.00 256.00 151.00
boat -1 1 281.00 142.00 333.00 170.00
boat -1 1 433.00 131.00 487.00 157.00
boat -1 1 366.00 121.00 402.00 141.00
