person 71 0 29.00 10.00 484.00 372.00
person 110 0 22.00 54.00 111.00 325.00
person 70 0 376.00 42.00 431.00 123.00
person 71 0 429.00 42.00 473.00 118.00
person 70 0 458.00 32.00 499.00 117.00
chair -1 0 433.00 221.00 500.00 375.00
chair -1 0 403.00 194.00 478.00 306.00
chair -1 0 1.00 203.00 33.00 375.00
person 70 1 17.00 10.00 472.00 372.00
person 110 1 390.00 54.00 479.00 325.00
person 70 1 70.00 42.00 125.00 123.00
person 71 1 28.00 42.00 72.00 118.00
person 71 1 2.00 32.00 43.00 117.00
chair -1 1 1.00 221.00 68.00 375.00
chair -1 1 23.00 194.00 98.00 306.00
chair -1 1 468.00 203.00 500.00 375.00
