horse 22 0 227.00 137.00 440.00 266.00
dog 18 0 171.00 115.00 195.00 150.00
person 49 0 114.00 65.00 210.00 222.00
person 57 0 440.00 30.00 469.00 104.00
person 49 0 414.00 29.00 430.00 97.00
person -1 0 401.00 38.00 415.00 71.00
person 49 0 335.00 32.00 359.00 104.00
person 110 0 266.00 53.00 294.00 124.00
person 49 0 259.00 35.00 279.00 116.00
person 110 0 238.00 61.00 253.00 99.00
person 98 0 208.00 61.00 231.00 119.00
person -1 0 174.00 63.00 199.00 115.00
horse 85 1 61.00 137.00 274.00 266.00
dog 18 1 306.00 115.00 330.00 150.00
person 49 1 291.00 65.00 387.00 222.00
person 57 1 32.00 30.00 61.00 104.00
person 110 1 71.00 29.00 87.00 97.00
person -1 1 86.00 38.00 100.00 71.00
person 49 1 142.00 32.00 166.00 104.00
person 49 1 207.00 53.00 235.00 124.00
person 49 1 222.00 35.00 242.00 116.00
person 110 1 248.00 61.00 263.00 99.00
person 110 1 270.00 61.00 293.00 119.00
person -1 1 302.00 63.00 327.00 115.00
