bicycle 46 0 421.00 107.00 492.00 156.00
bicycle 34 0 378.00 34.00 439.00 86.00
bicycle 35 0 249.00 99.00 315.00 152.00
bicycle 35 0 178.00 111.00 246.00 159.00
person 98 0 380.00 13.00 427.00 70.00
person 57 0 437.00 80.00 487.00 140.00
person 57 0 259.00 79.00 308.00 142.00
person 57 0 188.00 87.00 240.00 147.00
bicycle 47 1 9.00 107.00 80.00 156.00
bicycle 35 1 62.00 34.00 123.00 86.00
bicycle 34 1 186.00 99.00 252.00 152.00
bicycle 34 1 255.00 111.00 323.00 159.00
person 98 1 74.00 13.00 121.00 70.00
person 57 1 14.00 80.00 64.00 140.00
person 57 1 193.00 79.00 242.00 142.00
person 57 1 261.00 87.00 313.00 147.00
