sheep 59 0 146.00 120.00 309.00 333.00
sheep 59 0 125.00 67.00 204.00 252.00
sheep 117 0 309.00 138.00 496.00 333.00
sheep 59 0 310.00 50.00 442.00 165.00
sheep 59 0 1.00 1.00 160.00 287.00
sheep 119 0 174.00 12.00 291.00 141.00
sheep 32 0 126.00 2.00 193.00 71.00
sheep 119 0 4.00 199.00 85.00 333.00
sheep 59 1 192.00 120.00 355.00 333.00
sheep 59 1 297.00 67.00 376.00 252.00
sheep 117 1 5.00 138.00 192.00 333.00
sheep 117 1 59.00 50.00 191.00 165.00
sheep 59 1 341.00 1.00 500.00 287.00
sheep 117 1 210.00 12.00 327.00 141.00
sheep 59 1 308.00 2.00 375.00 71.00
sheep 119 1 416.00 199.00 497.00 333.00
