person 98 0 116.00 121.00 309.00 375.00
person 110 0 1.00 128.00 107.00 375.00
person 98 0 295.00 131.00 472.00 373.00
person 49 0 461.00 129.00 500.00 316.00
person 70 0 438.00 166.00 467.00 198.00
person 70 0 240.00 131.00 281.00 168.00
person -1 0 309.00 147.00 337.00 169.00
person 98 1 192.00 121.00 385.00 375.00
person 49 1 394.00 128.00 500.00 375.00
person 98 1 29.00 131.00 206.00 373.00
person 49 1 1.00 129.00 40.00 316.00
person 70 1 34.00 166.00 63.00 198.00
person 70 1 220.00 131.00 261.00 168.00
person -1 1 164.00 147.00 192.00 169.00
