person 98 0 329.00 107.00 376.00 232.00
person 49 0 117.00 122.00 158.00 221.00
person 49 0 54.00 127.00 91.00 215.00
person 49 0 1.00 124.00 26.00 208.00
person 49 0 178.00 117.00 215.00 218.00
person 49 0 274.00 183.00 290.00 231.00
person -1 0 493.00 179.00 500.00 245.00
horse 22 0 289.00 146.00 451.00 301.00
horse 88 0 85.00 156.00 204.00 277.00
horse -1 0 3.00 167.00 64.00 266.00
horse 88 0 177.00 158.00 267.00 275.00
horse -1 0 61.00 167.00 111.00 261.00
person 98 1 125.00 107.00 172.00 232.00
person 98 1 343.00 122.00 384.00 221.00
person 98 1 410.00 127.00 447.00 215.00
person 49 1 475.00 124.00 500.00 208.00
person 49 1 286.00 117.00 323.00 218.00
person 49 1 211.00 183.00 227.00 231.00
person -1 1 1.00 179.00 8.00 245.00
horse 88 1 50.00 146.00 212.00 301.00
horse 85 1 297.00 156.00 416.00 277.00
horse -1 1 437.00 167.00 498.00 266.00
horse 88 1 234.00 158.00 324.00 275.00
horse -1 1 390.00 167.00 440.00 261.00
