person 110 0 31.00 139.00 48.00 212.00
person 110 0 42.00 131.00 72.00 236.00
person 110 0 109.00 138.00 130.00 220.00
person 110 0 130.00 130.00 163.00 248.00
person 110 0 182.00 146.00 203.00 210.00
person 110 0 200.00 135.00 233.00 231.00
person 110 0 265.00 150.00 287.00 217.00
person 110 0 321.00 140.00 359.00 276.00
person 110 0 369.00 145.00 399.00 248.00
person 70 0 408.00 148.00 444.00 230.00
person -1 0 2.00 219.00 44.00 375.00
person 49 0 295.00 162.00 312.00 202.00
person 98 0 477.00 147.00 496.00 177.00
person -1 0 452.00 155.00 476.00 220.00
person 110 0 236.00 173.00 252.00 206.00
person -1 0 242.00 151.00 259.00 202.00
person 110 1 453.00 139.00 470.00 212.00
person 49 1 429.00 131.00 459.00 236.00
person 110 1 371.00 138.00 392.00 220.00
person 110 1 338.00 130.00 371.00 248.00
person 110 1 298.00 146.00 319.00 210.00
person 98 1 268.00 135.00 301.00 231.00
person 110 1 214.00 150.00 236.00 217.00
person 110 1 142.00 140.00 180.00 276.00
person 110 1 102.00 145.00 132.00 248.00
person 71 1 57.00 148.00 93.00 230.00
person -1 1 457.00 219.00 499.00 375.00
person 110 1 189.00 162.00 206.00 202.00
person 98 1 5.00 147.00 24.00 177.00
person -1 1 25.00 155.00 49.00 220.00
person 110 1 249.00 173.00 265.00 206.00
person -1 1 242.00 151.00 259.00 202.00
