chair 68 0 2.00 163.00 419.00 375.00
pottedplant -1 0 304.00 95.00 405.00 190.00
person 57 0 124.00 126.00 380.00 375.00
chair 11 0 266.00 9.00 337.00 131.00
chair 11 0 213.00 25.00 273.00 113.00
chair 11 0 189.00 1.00 223.00 100.00
chair -1 0 149.00 5.00 196.00 89.00
chair 68 1 82.00 163.00 499.00 375.00
pottedplant -1 1 96.00 95.00 197.00 190.00
person 71 1 121.00 126.00 377.00 375.00
chair 89 1 164.00 9.00 235.00 131.00
chair 11 1 228.00 25.00 288.00 113.00
chair 11 1 278.00 1.00 312.00 100.00
chair -1 1 305.00 5.00 352.00 89.00
