motorbike 63 0 13.00 67.00 227.00 255.00
motorbike 81 0 285.00 64.00 492.00 264.00
person 71 0 230.00 45.00 458.00 256.00
person 57 0 17.00 32.00 192.00 247.00
person 110 0 406.00 7.00 460.00 144.00
person 98 0 131.00 23.00 195.00 128.00
person 70 0 261.00 13.00 312.00 67.00
person 49 0 282.00 1.00 344.00 69.00
person 70 0 87.00 18.00 138.00 66.00
person 110 0 1.00 3.00 36.00 105.00
person -1 0 459.00 28.00 500.00 141.00
person -1 0 349.00 1.00 395.00 76.00
person -1 0 391.00 1.00 419.00 54.00
person -1 0 174.00 1.00 215.00 80.00
person -1 0 135.00 1.00 175.00 33.00
person -1 0 109.00 1.00 142.00 53.00
person -1 0 63.00 1.00 107.00 60.00
motorbike 62 1 274.00 67.00 488.00 255.00
motorbike 62 1 9.00 64.00 216.00 264.00
person 57 1 43.00 45.00 271.00 256.00
person 57 1 309.00 32.00 484.00 247.00
person 98 1 41.00 7.00 95.00 144.00
person 98 1 306.00 23.00 370.00 128.00
person 70 1 189.00 13.00 240.00 67.00
person 49 1 157.00 1.00 219.00 69.00
person 70 1 363.00 18.00 414.00 66.00
person 49 1 465.00 3.00 500.00 105.00
person -1 1 1.00 28.00 42.00 141.00
person -1 1 106.00 1.00 152.00 76.00
person -1 1 82.00 1.00 110.00 54.00
person -1 1 286.00 1.00 327.00 80.00
person -1 1 326.00 1.00 366.00 33.00
person -1 1 359.00 1.00 392.00 53.00
person -1 1 394.00 1.00 438.00 60.00
