chair 11 0 1.00 170.00 171.00 373.00
chair -1 0 175.00 145.00 235.00 217.00
chair -1 0 326.00 137.00 386.00 201.00
chair 51 0 249.00 196.00 391.00 375.00
chair 89 0 334.00 171.00 420.00 373.00
chair -1 0 397.00 132.00 424.00 174.00
diningtable 12 0 32.00 170.00 395.00 373.00
diningtable -1 0 414.00 140.00 499.00 227.00
tvmonitor 111 0 1.00 68.00 94.00 174.00
person 49 0 298.00 62.00 357.00 188.00
pottedplant 23 0 3.00 1.00 62.00 68.00
pottedplant 72 0 215.00 160.00 290.00 232.00
bottle 82 0 118.00 207.00 141.00 285.00
chair 11 1 330.00 170.00 500.00 373.00
chair -1 1 266.00 145.00 326.00 217.00
chair -1 1 115.00 137.00 175.00 201.00
chair 50 1 110.00 196.00 252.00 375.00
chair 11 1 81.00 171.00 167.00 373.00
chair -1 1 77.00 132.00 104.00 174.00
diningtable 12 1 106.00 170.00 469.00 373.00
diningtable -1 1 2.00 140.00 87.00 227.00
tvmonitor 111 1 407.00 68.00 500.00 174.00
person 98 1 144.00 62.00 203.00 188.00
pottedplant 23 1 439.00 1.00 498.00 68.00
pottedplant 72 1 211.00 160.00 286.00 232.00
bottle 82 1 360.00 207.00 383.00 285.00
