diningtable 21 0 62.00 128.00 500.00 285.00
diningtable 12 0 33.00 206.00 445.00 375.00
chair -1 0 470.00 125.00 500.00 184.00
chair -1 0 381.00 120.00 433.00 158.00
chair -1 0 205.00 108.00 249.00 134.00
chair 11 0 24.00 143.00 85.00 223.00
chair -1 0 99.00 144.00 151.00 216.00
chair 89 0 160.00 142.00 210.00 208.00
chair 68 0 207.00 126.00 245.00 223.00
chair 11 0 237.00 127.00 268.00 230.00
chair 11 0 254.00 131.00 292.00 242.00
chair 50 0 282.00 142.00 358.00 278.00
chair 107 0 347.00 153.00 426.00 330.00
chair 89 0 414.00 171.00 500.00 374.00
chair -1 0 340.00 230.00 451.00 344.00
chair -1 0 271.00 213.00 336.00 276.00
diningtable 21 1 1.00 128.00 439.00 285.00
diningtable 12 1 56.00 206.00 468.00 375.00
chair -1 1 1.00 125.00 31.00 184.00
chair -1 1 68.00 120.00 120.00 158.00
chair -1 1 252.00 108.00 296.00 134.00
chair 68 1 416.00 143.00 477.00 223.00
chair -1 1 350.00 144.00 402.00 216.00
chair 107 1 291.00 142.00 341.00 208.00
chair 68 1 256.00 126.00 294.00 223.00
chair 68 1 233.00 127.00 264.00 230.00
chair 68 1 209.00 131.00 247.00 242.00
chair 51 1 143.00 142.00 219.00 278.00
chair 107 1 75.00 153.00 154.00 330.00
chair 11 1 1.00 171.00 87.00 374.00
chair -1 1 50.00 230.00 161.00 344.00
chair -1 1 165.00 213.00 230.00 276.00
