bicycle 46 0 394.00 102.00 492.00 279.00
bicycle 47 0 306.00 134.00 390.00 282.00
bicycle 47 0 13.00 143.00 91.00 274.00
bicycle 46 0 125.00 127.00 197.00 277.00
bicycle 46 0 181.00 138.00 280.00 280.00
person 49 0 12.00 53.00 93.00 271.00
person 49 0 129.00 79.00 219.00 270.00
person 49 0 213.00 49.00 299.00 274.00
person 49 0 284.00 36.00 356.00 276.00
person 57 0 394.00 28.00 484.00 267.00
bicycle 35 1 9.00 102.00 107.00 279.00
bicycle 46 1 111.00 134.00 195.00 282.00
bicycle 46 1 410.00 143.00 488.00 274.00
bicycle 47 1 304.00 127.00 376.00 277.00
bicycle 47 1 221.00 138.00 320.00 280.00
person 49 1 408.00 53.00 489.00 271.00
person 57 1 282.00 79.00 372.00 270.00
person 49 1 202.00 49.00 288.00 274.00
person 49 1 145.00 36.00 217.00 276.00
person 57 1 17.00 28.00 107.00 267.00
