boat 20 0 144.00 223.00 194.00 311.00
boat -1 0 172.00 264.00 227.00 291.00
boat -1 0 198.00 221.00 245.00 312.00
boat -1 0 244.00 218.00 290.00 313.00
boat -1 0 422.00 287.00 480.00 317.00
boat -1 0 357.00 291.00 418.00 317.00
boat -1 0 331.00 206.00 377.00 316.00
boat -1 0 296.00 230.00 335.00 315.00
boat 19 1 307.00 223.00 357.00 311.00
boat -1 1 274.00 264.00 329.00 291.00
boat -1 1 256.00 221.00 303.00 312.00
boat -1 1 211.00 218.00 257.00 313.00
boat -1 1 21.00 287.00 79.00 317.00
boat -1 1 83.00 291.00 144.00 317.00
boat -1 1 124.00 206.00 170.00 316.00
boat -1 1 166.00 230.00 205.00 315.00
