chair -1 0 1.00 147.00 39.00 219.00
chair 107 0 44.00 147.00 94.00 217.00
chair 89 0 104.00 216.00 288.00 375.00
chair 89 0 94.00 177.00 234.00 358.00
tvmonitor 114 0 157.00 115.00 200.00 164.00
tvmonitor 114 0 182.00 109.00 235.00 178.00
tvmonitor 104 0 210.00 95.00 340.00 204.00
tvmonitor 103 0 309.00 67.00 500.00 267.00
chair -1 1 462.00 147.00 500.00 219.00
chair 107 1 407.00 147.00 457.00 217.00
chair 51 1 213.00 216.00 397.00 375.00
chair 89 1 267.00 177.00 407.00 358.00
tvmonitor 104 1 301.00 115.00 344.00 164.00
tvmonitor 104 1 266.00 109.00 319.00 178.00
tvmonitor 104 1 161.00 95.00 291.00 204.00
tvmonitor 104 1 1.00 67.00 192.00 267.00
