bottle -1 0 288.00 198.00 307.00 237.00
bottle 13 0 65.00 235.00 93.00 305.00
person 98 0 369.00 112.00 493.00 303.00
person 98 0 227.00 99.00 332.00 209.00
person 57 0 1.00 105.00 130.00 252.00
diningtable 12 0 12.00 199.00 416.00 333.00
chair -1 0 473.00 294.00 500.00 330.00
chair -1 0 8.00 245.00 43.00 287.00
bottle -1 1 194.00 198.00 213.00 237.00
bottle 82 1 408.00 235.00 436.00 305.00
person 57 1 8.00 112.00 132.00 303.00
person 70 1 169.00 99.00 274.00 209.00
person 98 1 371.00 105.00 500.00 252.00
diningtable 12 1 85.00 199.00 489.00 333.00
chair -1 1 1.00 294.00 28.00 330.00
chair -1 1 458.00 245.00 493.00 287.00
