motorbike 62 0 410.00 125.00 500.00 245.00
motorbike 63 0 282.00 119.00 395.00 236.00
motorbike 64 0 141.00 128.00 315.00 254.00
person 57 0 302.00 97.00 401.00 240.00
person 98 0 165.00 103.00 332.00 272.00
person 49 0 416.00 107.00 500.00 246.00
person 110 0 380.00 67.00 409.00 161.00
motorbike 62 0 205.00 85.00 256.00 152.00
person -1 0 376.00 67.00 404.00 151.00
person 70 0 302.00 75.00 348.00 112.00
person 49 0 15.00 43.00 37.00 81.00
motorbike 63 1 1.00 125.00 91.00 245.00
motorbike 62 1 106.00 119.00 219.00 236.00
motorbike 63 1 186.00 128.00 360.00 254.00
person 57 1 100.00 97.00 199.00 240.00
person 71 1 169.00 103.00 336.00 272.00
person 98 1 1.00 107.00 85.00 246.00
person 49 1 92.00 67.00 121.00 161.00
motorbike 28 1 245.00 85.00 296.00 152.00
person -1 1 97.00 67.00 125.00 151.00
person 70 1 153.00 75.00 199.00 112.00
person 49 1 464.00 43.00 486.00 81.00
