person 57 0 113.00 111.00 201.00 259.00
person 57 0 289.00 127.00 367.00 250.00
person 49 0 1.00 168.00 35.00 217.00
person 110 0 21.00 172.00 41.00 218.00
person 71 0 39.00 176.00 72.00 225.00
bicycle 46 0 115.00 175.00 214.00 285.00
bicycle 17 0 288.00 186.00 373.00 284.00
person 57 1 300.00 111.00 388.00 259.00
person 57 1 134.00 127.00 212.00 250.00
person 49 1 466.00 168.00 500.00 217.00
person 49 1 460.00 172.00 480.00 218.00
person 98 1 429.00 176.00 462.00 225.00
bicycle 47 1 287.00 175.00 386.00 285.00
bicycle 17 1 128.00 186.00 213.00 284.00
