horse 85 0 104.00 65.00 319.00 318.00
horse 99 0 3.00 132.00 101.00 243.00
horse -1 0 118.00 104.00 222.00 293.00
person -1 0 451.00 116.00 480.00 318.00
person 49 0 204.00 45.00 266.00 218.00
person 98 0 151.00 72.00 199.00 142.00
person 98 0 42.00 94.00 78.00 191.00
person 98 0 263.00 90.00 283.00 131.00
horse 88 1 162.00 65.00 377.00 318.00
horse 99 1 380.00 132.00 478.00 243.00
horse -1 1 259.00 104.00 363.00 293.00
person -1 1 1.00 116.00 30.00 318.00
person 49 1 215.00 45.00 277.00 218.00
person 71 1 282.00 72.00 330.00 142.00
person 98 1 403.00 94.00 439.00 191.00
person 98 1 198.00 90.00 218.00 131.00
