horse -1 0 454.00 202.00 500.00 294.00
horse 88 0 266.00 192.00 438.00 375.00
horse 92 0 192.00 163.00 263.00 298.00
horse -1 0 150.00 159.00 171.00 195.00
horse -1 0 171.00 154.00 190.00 199.00
person 49 0 294.00 153.00 351.00 280.00
person -1 0 199.00 149.00 240.00 237.00
person -1 0 170.00 138.00 189.00 165.00
horse -1 1 1.00 202.00 47.00 294.00
horse 22 1 63.00 192.00 235.00 375.00
horse 22 1 238.00 163.00 309.00 298.00
horse -1 1 330.00 159.00 351.00 195.00
horse -1 1 311.00 154.00 330.00 199.00
person 57 1 150.00 153.00 207.00 280.00
person -1 1 261.00 149.00 302.00 237.00
person -1 1 312.00 138.00 331.00 165.00
