sheep 32 0 253.00 209.00 292.00 238.00
sheep 53 0 287.00 209.00 312.00 241.00
sheep 53 0 345.00 202.00 382.00 229.00
sheep 53 0 406.00 224.00 457.00 267.00
sheep -1 0 419.00 184.00 438.00 202.00
sheep -1 0 217.00 189.00 236.00 204.00
sheep 32 0 172.00 195.00 207.00 220.00
sheep 53 0 147.00 195.00 179.00 215.00
sheep -1 0 86.00 195.00 116.00 214.00
sheep -1 0 71.00 192.00 91.00 207.00
sheep 108 1 209.00 209.00 248.00 238.00
sheep 119 1 189.00 209.00 214.00 241.00
sheep 53 1 119.00 202.00 156.00 229.00
sheep 53 1 44.00 224.00 95.00 267.00
sheep -1 1 63.00 184.00 82.00 202.00
sheep -1 1 265.00 189.00 284.00 204.00
sheep 108 1 294.00 195.00 329.00 220.00
sheep 108 1 322.00 195.00 354.00 215.00
sheep -1 1 385.00 195.00 415.00 214.00
sheep -1 1 410.00 192.00 430.00 207.00
