person 57 0 197.00 197.00 237.00 269.00
person 57 0 341.00 176.00 361.00 235.00
person -1 0 440.00 183.00 453.00 210.00
person -1 0 424.00 184.00 438.00 216.00
person -1 0 397.00 185.00 412.00 200.00
cow 5 0 60.00 223.00 181.00 283.00
cow 3 0 34.00 225.00 143.00 277.00
cow -1 0 257.00 215.00 337.00 262.00
cow -1 0 235.00 220.00 263.00 248.00
cow -1 0 379.00 199.00 412.00 231.00
cow -1 0 361.00 197.00 383.00 229.00
cow -1 0 413.00 193.00 427.00 216.00
person 57 1 264.00 197.00 304.00 269.00
person 57 1 140.00 176.00 160.00 235.00
person -1 1 48.00 183.00 61.00 210.00
person -1 1 63.00 184.00 77.00 216.00
person -1 1 89.00 185.00 104.00 200.00
cow 3 1 320.00 223.00 441.00 283.00
cow 102 1 358.00 225.00 467.00 277.00
cow -1 1 164.00 215.00 244.00 262.00
cow -1 1 238.00 220.00 266.00 248.00
cow -1 1 89.00 199.00 122.00 231.00
cow -1 1 118.00 197.00 140.00 229.00
cow -1 1 74.00 193.00 88.00 216.00
