bird 40 0 451.00 149.00 476.00 172.00
bird -1 0 314.00 184.00 354.00 209.00
bird -1 0 363.00 132.00 384.00 151.00
bird 48 0 203.00 175.00 242.00 205.00
bird 48 0 156.00 196.00 192.00 220.00
bird 56 0 33.00 183.00 55.00 210.00
bird -1 0 69.00 176.00 91.00 197.00
bird -1 0 82.00 175.00 105.00 196.00
bird -1 0 50.00 246.00 82.00 260.00
bird -1 0 86.00 233.00 106.00 253.00
bird 33 0 118.00 184.00 148.00 205.00
bird -1 0 149.00 170.00 168.00 193.00
bird 40 0 133.00 160.00 166.00 177.00
bird -1 0 137.00 139.00 169.00 163.00
bird -1 0 171.00 148.00 208.00 161.00
bird -1 0 132.00 226.00 164.00 243.00
bird -1 0 99.00 222.00 131.00 236.00
bird -1 0 111.00 231.00 137.00 245.00
person 49 0 161.00 216.00 202.00 325.00
person 98 0 213.00 235.00 261.00 322.00
person 98 0 237.00 220.00 263.00 258.00
person 98 0 248.00 241.00 298.00 322.00
person 98 0 245.00 252.00 273.00 287.00
bird 48 1 25.00 149.00 50.00 172.00
bird -1 1 147.00 184.00 187.00 209.00
bird -1 1 117.00 132.00 138.00 151.00
bird 40 1 259.00 175.00 298.00 205.00
bird 40 1 309.00 196.00 345.00 220.00
bird 4 1 446.00 183.00 468.00 210.00
bird -1 1 410.00 176.00 432.00 197.00
bird -1 1 396.00 175.00 419.00 196.00
bird -1 1 419.00 246.00 451.00 260.00
bird -1 1 395.00 233.00 415.00 253.00
bird 48 1 353.00 184.00 383.00 205.00
bird -1 1 333.00 170.00 352.00 193.00
bird 48 1 335.00 160.00 368.00 177.00
bird -1 1 332.00 139.00 364.00 163.00
bird -1 1 293.00 148.00 330.00 161.00
bird -1 1 337.00 226.00 369.00 243.00
bird -1 1 370.00 222.00 402.00 236.00
bird -1 1 364.00 231.00 390.00 245.00
person 49 1 299.00 216.00 340.00 325.00
person 98 1 240.00 235.00 288.00 322.00
person 98 1 238.00 220.00 264.00 258.00
person 98 1 203.00 241.00 253.00 322.00
person 98 1 228.00 252.00 256.00 287.00
