bus -1 0 1.00 58.00 100.00 180.00
person 57 0 405.00 113.00 461.00 206.00
person 57 0 291.00 114.00 355.00 218.00
person 57 0 218.00 122.00 272.00 201.00
person 57 0 154.00 117.00 207.00 182.00
person 49 0 101.00 115.00 146.00 193.00
person 57 0 37.00 109.00 91.00 187.00
motorbike 79 0 396.00 150.00 467.00 219.00
motorbike 79 0 284.00 147.00 353.00 219.00
motorbike 79 0 218.00 150.00 279.00 216.00
motorbike 79 0 153.00 152.00 213.00 212.00
motorbike 79 0 96.00 144.00 160.00 208.00
motorbike 79 0 34.00 138.00 100.00 205.00
bus -1 1 401.00 58.00 500.00 180.00
person 57 1 40.00 113.00 96.00 206.00
person 57 1 146.00 114.00 210.00 218.00
person 57 1 229.00 122.00 283.00 201.00
person 57 1 294.00 117.00 347.00 182.00
person 57 1 355.00 115.00 400.00 193.00
person 57 1 410.00 109.00 464.00 187.00
motorbike 81 1 34.00 150.00 105.00 219.00
motorbike 64 1 148.00 147.00 217.00 219.00
motorbike 81 1 222.00 150.00 283.00 216.00
motorbike 81 1 288.00 152.00 348.00 212.00
motorbike 81 1 341.00 144.00 405.00 208.00
motorbike 81 1 401.00 138.00 467.00 205.00
