bottle 1 0 302.00 291.00 373.00 358.00
person 49 0 3.00 63.00 77.00 375.00
person 49 0 61.00 90.00 99.00 189.00
person 49 0 54.00 112.00 178.00 372.00
person 98 0 165.00 72.00 254.00 374.00
person 98 0 260.00 62.00 355.00 375.00
person 98 0 383.00 62.00 450.00 117.00
person 98 0 305.00 93.00 472.00 375.00
bottle 1 1 128.00 291.00 199.00 358.00
person 110 1 424.00 63.00 498.00 375.00
person 49 1 402.00 90.00 440.00 189.00
person 98 1 323.00 112.00 447.00 372.00
person 98 1 247.00 72.00 336.00 374.00
person 110 1 146.00 62.00 241.00 375.00
person 98 1 51.00 62.00 118.00 117.00
person 98 1 29.00 93.00 196.00 375.00
