bottle 82 0 345.00 107.00 408.00 303.00
person -1 0 471.00 72.00 500.00 259.00
person 70 0 402.00 64.00 498.00 241.00
person 70 0 347.00 71.00 427.00 184.00
person 57 0 38.00 21.00 220.00 375.00
person -1 0 1.00 14.00 36.00 375.00
diningtable 12 0 111.00 192.00 500.00 375.00
bottle 10 1 93.00 107.00 156.00 303.00
person -1 1 1.00 72.00 30.00 259.00
person 70 1 3.00 64.00 99.00 241.00
person 70 1 74.00 71.00 154.00 184.00
person 49 1 281.00 21.00 463.00 375.00
person -1 1 465.00 14.00 500.00 375.00
diningtable 100 1 1.00 192.00 390.00 375.00
