horse 99 0 146.00 170.00 450.00 319.00
horse 99 0 47.00 184.00 225.00 266.00
horse -1 0 4.00 183.00 85.00 264.00
person 110 0 227.00 122.00 288.00 298.00
person 98 0 163.00 170.00 183.00 189.00
person 110 0 71.00 142.00 129.00 371.00
person 49 0 5.00 165.00 39.00 217.00
horse 85 1 51.00 170.00 355.00 319.00
horse 99 1 276.00 184.00 454.00 266.00
horse -1 1 416.00 183.00 497.00 264.00
person 49 1 213.00 122.00 274.00 298.00
person 49 1 318.00 170.00 338.00 189.00
person 49 1 372.00 142.00 430.00 371.00
person 98 1 462.00 165.00 496.00 217.00
