diningtable 21 0 114.00 257.00 430.00 375.00
chair -1 0 347.00 327.00 429.00 375.00
chair -1 0 362.00 237.00 414.00 280.00
chair -1 0 312.00 234.00 351.00 271.00
chair -1 0 240.00 230.00 261.00 265.00
chair -1 0 200.00 228.00 220.00 241.00
chair -1 0 77.00 217.00 128.00 251.00
chair 89 0 67.00 243.00 103.00 359.00
chair 11 0 86.00 245.00 129.00 374.00
chair 50 0 112.00 248.00 166.00 375.00
chair 11 0 147.00 257.00 210.00 372.00
chair 11 0 190.00 261.00 282.00 375.00
diningtable 21 1 71.00 257.00 387.00 375.00
chair -1 1 72.00 327.00 154.00 375.00
chair -1 1 87.00 237.00 139.00 280.00
chair -1 1 150.00 234.00 189.00 271.00
chair -1 1 240.00 230.00 261.00 265.00
chair -1 1 281.00 228.00 301.00 241.00
chair -1 1 373.00 217.00 424.00 251.00
chair 89 1 398.00 243.00 434.00 359.00
chair 89 1 372.00 245.00 415.00 374.00
chair 89 1 335.00 248.00 389.00 375.00
chair 68 1 291.00 257.00 354.00 372.00
chair 68 1 219.00 261.00 311.00 375.00
