person 70 0 429.00 96.00 447.00 130.00
person 49 0 454.00 93.00 470.00 131.00
person -1 0 202.00 102.00 226.00 145.00
person -1 0 225.00 101.00 244.00 138.00
person 98 0 272.00 91.00 306.00 183.00
person -1 0 125.00 84.00 150.00 203.00
person 49 0 116.00 92.00 146.00 216.00
person 110 0 86.00 108.00 111.00 160.00
person 49 0 59.00 104.00 82.00 160.00
person 98 0 1.00 115.00 94.00 312.00
person -1 0 1.00 165.00 19.00 375.00
person 98 1 54.00 96.00 72.00 130.00
person 49 1 31.00 93.00 47.00 131.00
person -1 1 275.00 102.00 299.00 145.00
person -1 1 257.00 101.00 276.00 138.00
person 98 1 195.00 91.00 229.00 183.00
person -1 1 351.00 84.00 376.00 203.00
person 49 1 355.00 92.00 385.00 216.00
person 110 1 390.00 108.00 415.00 160.00
person 110 1 419.00 104.00 442.00 160.00
person 49 1 407.00 115.00 500.00 312.00
person -1 1 482.00 165.00 500.00 375.00
