person 98 0 153.00 122.00 277.00 375.00
person 70 0 284.00 141.00 321.00 234.00
person 57 0 432.00 192.00 480.00 302.00
person 49 0 472.00 144.00 500.00 309.00
person 49 0 256.00 140.00 287.00 228.00
person 110 0 374.00 155.00 388.00 187.00
person 110 0 354.00 149.00 367.00 187.00
person -1 0 343.00 151.00 356.00 181.00
person -1 0 335.00 153.00 344.00 177.00
person -1 0 326.00 150.00 335.00 177.00
person -1 0 315.00 148.00 327.00 177.00
person 98 1 224.00 122.00 348.00 375.00
person 70 1 180.00 141.00 217.00 234.00
person 98 1 21.00 192.00 69.00 302.00
person 49 1 1.00 144.00 29.00 309.00
person 98 1 214.00 140.00 245.00 228.00
person 110 1 113.00 155.00 127.00 187.00
person 110 1 134.00 149.00 147.00 187.00
person -1 1 145.00 151.00 158.00 181.00
person -1 1 157.00 153.00 166.00 177.00
person -1 1 166.00 150.00 175.00 177.00
person -1 1 174.00 148.00 186.00 177.00
