aeroplane 60 0 11.00 65.00 463.00 200.00
person 98 0 484.00 153.00 497.00 192.00
person -1 0 472.00 153.00 480.00 189.00
person -1 0 458.00 150.00 472.00 190.00
person -1 0 443.00 152.00 457.00 192.00
person 49 0 429.00 153.00 444.00 200.00
person 110 0 408.00 150.00 426.00 204.00
person -1 0 421.00 168.00 432.00 207.00
person -1 0 394.00 150.00 404.00 186.00
person -1 0 364.00 157.00 376.00 197.00
person 49 0 309.00 155.00 328.00 198.00
person 110 0 295.00 155.00 309.00 202.00
person -1 0 181.00 157.00 194.00 191.00
person -1 0 162.00 157.00 171.00 189.00
person -1 0 155.00 158.00 163.00 189.00
car -1 0 199.00 160.00 213.00 174.00
car -1 0 111.00 162.00 129.00 175.00
car -1 0 43.00 162.00 62.00 175.00
car -1 0 91.00 161.00 112.00 177.00
car -1 0 79.00 161.00 93.00 173.00
car -1 0 132.00 161.00 146.00 175.00
aeroplane 30 1 38.00 65.00 490.00 200.00
person 98 1 4.00 153.00 17.00 192.00
person -1 1 21.00 153.00 29.00 189.00
person -1 1 29.00 150.00 43.00 190.00
person -1 1 44.00 152.00 58.00 192.00
person 110 1 57.00 153.00 72.00 200.00
person 110 1 75.00 150.00 93.00 204.00
person -1 1 69.00 168.00 80.00 207.00
person -1 1 97.00 150.00 107.00 186.00
person -1 1 125.00 157.00 137.00 197.00
person 57 1 173.00 155.00 192.00 198.00
person 49 1 192.00 155.00 206.00 202.00
person -1 1 307.00 157.00 320.00 191.00
person -1 1 330.00 157.00 339.00 189.00
person -1 1 338.00 158.00 346.00 189.00
car -1 1 288.00 160.00 302.00 174.00
car -1 1 372.00 162.00 390.00 175.00
car -1 1 439.00 162.00 458.00 175.00
car -1 1 389.00 161.00 410.00 177.00
car -1 1 408.00 161.00 422.00 173.00
car -1 1 355.00 161.00 369.00 175.00
