bicycle 17 0 143.00 194.00 175.00 216.00
bicycle -1 0 76.00 206.00 115.00 220.00
bicycle -1 0 223.00 199.00 264.00 221.00
person -1 0 207.00 195.00 227.00 216.00
person -1 0 238.00 171.00 250.00 217.00
person 110 0 243.00 171.00 261.00 217.00
person -1 0 290.00 201.00 309.00 223.00
bicycle 17 1 326.00 194.00 358.00 216.00
bicycle -1 1 386.00 206.00 425.00 220.00
bicycle -1 1 237.00 199.00 278.00 221.00
person -1 1 274.00 195.00 294.00 216.00
person -1 1 251.00 171.00 263.00 217.00
person 49 1 240.00 171.00 258.00 217.00
person -1 1 192.00 201.00 211.00 223.00
