bicycle -1 0 460.00 153.00 500.00 278.00
bicycle 46 0 316.00 157.00 427.00 284.00
bicycle 46 0 207.00 171.00 341.00 324.00
bicycle 46 0 24.00 163.00 210.00 330.00
person 98 0 61.00 72.00 235.00 302.00
person 98 0 225.00 91.00 355.00 277.00
person 57 0 343.00 86.00 445.00 283.00
person 70 0 398.00 6.00 428.00 42.00
person -1 0 362.00 1.00 391.00 33.00
bicycle -1 1 1.00 153.00 41.00 278.00
bicycle 47 1 74.00 157.00 185.00 284.00
bicycle 47 1 160.00 171.00 294.00 324.00
bicycle 47 1 291.00 163.00 477.00 330.00
person 71 1 266.00 72.00 440.00 302.00
person 71 1 146.00 91.00 276.00 277.00
person 57 1 56.00 86.00 158.00 283.00
person 70 1 73.00 6.00 103.00 42.00
person -1 1 110.00 1.00 139.00 33.00
