tvmonitor 42 0 209.00 138.00 289.00 205.00
chair 11 0 381.00 223.00 500.00 362.00
chair -1 0 344.00 313.00 500.00 375.00
sofa -1 0 1.00 258.00 77.00 375.00
pottedplant 7 0 302.00 64.00 358.00 266.00
pottedplant 72 0 91.00 204.00 128.00 266.00
pottedplant 23 0 76.00 234.00 107.00 258.00
pottedplant 23 0 68.00 184.00 104.00 222.00
pottedplant 23 0 144.00 163.00 162.00 216.00
pottedplant -1 0 104.00 171.00 140.00 215.00
pottedplant -1 0 26.00 156.00 41.00 225.00
chair 107 0 358.00 153.00 421.00 244.00
tvmonitor -1 0 350.00 145.00 397.00 170.00
pottedplant 7 0 323.00 193.00 356.00 265.00
bottle -1 0 446.00 199.00 454.00 223.00
bottle -1 0 453.00 200.00 461.00 220.00
bottle -1 0 440.00 171.00 447.00 195.00
bottle -1 0 447.00 171.00 454.00 194.00
bottle -1 0 439.00 201.00 447.00 222.00
bottle -1 0 436.00 147.00 443.00 170.00
bottle -1 0 443.00 146.00 450.00 168.00
bottle -1 0 450.00 147.00 457.00 167.00
bottle -1 0 457.00 147.00 461.00 167.00
bottle -1 0 453.00 170.00 458.00 194.00
tvmonitor 42 1 212.00 138.00 292.00 205.00
chair 11 1 1.00 223.00 120.00 362.00
chair -1 1 1.00 313.00 157.00 375.00
sofa -1 1 424.00 258.00 500.00 375.00
pottedplant 7 1 143.00 64.00 199.00 266.00
pottedplant 23 1 373.00 204.00 410.00 266.00
pottedplant 23 1 394.00 234.00 425.00 258.00
pottedplant 23 1 397.00 184.00 433.00 222.00
pottedplant 23 1 339.00 163.00 357.00 216.00
pottedplant -1 1 361.00 171.00 397.00 215.00
pottedplant -1 1 460.00 156.00 475.00 225.00
chair 107 1 80.00 153.00 143.00 244.00
tvmonitor -1 1 104.00 145.00 151.00 170.00
pottedplant 105 1 145.00 193.00 178.00 265.00
bottle -1 1 47.00 199.00 55.00 223.00
bottle -1 1 40.00 200.00 48.00 220.00
bottle -1 1 54.00 171.00 61.00 195.00
bottle -1 1 47.00 171.00 54.00 194.00
bottle -1 1 54.00 201.00 62.00 222.00
bottle -1 1 58.00 147.00 65.00 170.00
bottle -1 1 51.00 146.00 58.00 168.00
bottle -1 1 44.00 147.00 51.00 167.00
bottle -1 1 40.00 147.00 44.00 167.00
bottle -1 1 43.00 170.00 48.00 194.00
