person 98 0 192.00 60.00 248.00 220.00
person -1 0 166.00 167.00 264.00 259.00
bicycle 17 0 185.00 117.00 260.00 309.00
motorbike 63 0 302.00 52.00 364.00 151.00
person -1 0 105.00 46.00 121.00 87.00
person -1 0 92.00 55.00 104.00 89.00
person -1 0 61.00 50.00 73.00 93.00
person 98 1 253.00 60.00 309.00 220.00
person -1 1 237.00 167.00 335.00 259.00
bicycle 17 1 241.00 117.00 316.00 309.00
motorbike 62 1 137.00 52.00 199.00 151.00
person -1 1 380.00 46.00 396.00 87.00
person -1 1 397.00 55.00 409.00 89.00
person -1 1 428.00 50.00 440.00 93.00
