diningtable -1 0 83.00 266.00 311.00 333.00
pottedplant -1 0 82.00 1.00 104.00 41.00
pottedplant -1 0 239.00 232.00 281.00 270.00
pottedplant 23 0 58.00 220.00 266.00 333.00
pottedplant -1 0 433.00 295.00 471.00 333.00
chair 107 0 284.00 239.00 367.00 333.00
chair -1 0 173.00 243.00 238.00 333.00
diningtable -1 1 190.00 266.00 418.00 333.00
pottedplant -1 1 397.00 1.00 419.00 41.00
pottedplant -1 1 220.00 232.00 262.00 270.00
pottedplant 72 1 235.00 220.00 443.00 333.00
pottedplant -1 1 30.00 295.00 68.00 333.00
chair 107 1 134.00 239.00 217.00 333.00
chair -1 1 263.00 243.00 328.00 333.00
