sofa -1 0 314.00 141.00 380.00 214.00
sofa -1 0 405.00 131.00 500.00 199.00
chair 11 0 213.00 218.00 315.00 364.00
chair 68 0 72.00 223.00 164.00 346.00
chair 11 0 41.00 190.00 97.00 306.00
chair 89 0 153.00 181.00 255.00 326.00
diningtable 100 0 22.00 189.00 309.00 344.00
sofa -1 1 121.00 141.00 187.00 214.00
sofa -1 1 1.00 131.00 96.00 199.00
chair 11 1 186.00 218.00 288.00 364.00
chair 68 1 337.00 223.00 429.00 346.00
chair 68 1 404.00 190.00 460.00 306.00
chair 89 1 246.00 181.00 348.00 326.00
diningtable 21 1 192.00 189.00 479.00 344.00
