chair -1 0 347.00 271.00 375.00 443.00
chair -1 0 1.00 445.00 217.00 500.00
chair -1 0 1.00 304.00 68.00 401.00
chair -1 0 43.00 263.00 109.00 349.00
chair -1 0 97.00 259.00 152.00 321.00
chair -1 0 242.00 252.00 315.00 281.00
person 70 0 121.00 136.00 227.00 295.00
bottle 1 0 262.00 203.00 271.00 226.00
bottle 36 0 245.00 207.00 254.00 245.00
bottle 10 0 231.00 200.00 243.00 241.00
bottle -1 0 223.00 204.00 232.00 221.00
bottle 1 0 212.00 202.00 223.00 234.00
diningtable 45 0 1.00 273.00 349.00 500.00
chair -1 1 1.00 271.00 29.00 443.00
chair -1 1 159.00 445.00 375.00 500.00
chair -1 1 308.00 304.00 375.00 401.00
chair -1 1 267.00 263.00 333.00 349.00
chair -1 1 224.00 259.00 279.00 321.00
chair -1 1 61.00 252.00 134.00 281.00
person 98 1 149.00 136.00 255.00 295.00
bottle 1 1 105.00 203.00 114.00 226.00
bottle 36 1 122.00 207.00 131.00 245.00
bottle 10 1 133.00 200.00 145.00 241.00
bottle -1 1 144.00 204.00 153.00 221.00
bottle 1 1 153.00 202.00 164.00 234.00
diningtable 12 1 27.00 273.00 375.00 500.00
