sofa 90 0 1.00 186.00 145.00 357.00
chair 68 0 83.00 167.00 281.00 330.00
diningtable 100 0 263.00 152.00 344.00 208.00
chair 11 0 321.00 146.00 358.00 215.00
chair -1 0 299.00 138.00 335.00 205.00
chair 11 0 278.00 149.00 323.00 222.00
pottedplant 23 0 25.00 46.00 125.00 128.00
cat -1 0 132.00 269.00 209.00 319.00
pottedplant 23 0 412.00 55.00 500.00 148.00
sofa 91 1 356.00 186.00 500.00 357.00
chair 11 1 220.00 167.00 418.00 330.00
diningtable 100 1 157.00 152.00 238.00 208.00
chair 68 1 143.00 146.00 180.00 215.00
chair -1 1 166.00 138.00 202.00 205.00
chair 11 1 178.00 149.00 223.00 222.00
pottedplant 23 1 376.00 46.00 476.00 128.00
cat -1 1 292.00 269.00 369.00 319.00
pottedplant 23 1 1.00 55.00 89.00 148.00
