diningtable 45 0 387.00 174.00 500.00 255.00
diningtable -1 0 327.00 263.00 500.00 375.00
diningtable -1 0 7.00 162.00 134.00 290.00
person 70 0 437.00 113.00 492.00 178.00
person 98 0 352.00 130.00 433.00 273.00
person 98 0 279.00 198.00 390.00 307.00
person 70 0 270.00 232.00 408.00 374.00
person 70 0 197.00 294.00 322.00 375.00
person 71 0 74.00 82.00 220.00 302.00
person 71 0 58.00 121.00 100.00 173.00
person 71 0 7.00 131.00 57.00 179.00
person -1 0 1.00 143.00 32.00 375.00
diningtable 45 1 1.00 174.00 114.00 255.00
diningtable -1 1 1.00 263.00 174.00 375.00
diningtable -1 1 367.00 162.00 494.00 290.00
person 70 1 9.00 113.00 64.00 178.00
person 49 1 68.00 130.00 149.00 273.00
person 57 1 111.00 198.00 222.00 307.00
person 70 1 93.00 232.00 231.00 374.00
person 70 1 179.00 294.00 304.00 375.00
person 98 1 281.00 82.00 427.00 302.00
person 71 1 401.00 121.00 443.00 173.00
person 70 1 444.00 131.00 494.00 179.00
person -1 1 469.00 143.00 500.00 375.00
