tvmonitor -1 0 11.00 201.00 54.00 266.00
chair -1 0 235.00 228.00 281.00 285.00
chair -1 0 281.00 218.00 323.00 261.00
chair -1 0 396.00 212.00 454.00 255.00
chair -1 0 469.00 221.00 495.00 380.00
chair 51 0 412.00 242.00 480.00 390.00
chair 50 0 238.00 250.00 377.00 391.00
sofa 44 0 43.00 241.00 213.00 391.00
tvmonitor -1 1 447.00 201.00 490.00 266.00
chair -1 1 220.00 228.00 266.00 285.00
chair -1 1 178.00 218.00 220.00 261.00
chair -1 1 47.00 212.00 105.00 255.00
chair -1 1 6.00 221.00 32.00 380.00
chair 50 1 21.00 242.00 89.00 390.00
chair 51 1 124.00 250.00 263.00 391.00
sofa 101 1 288.00 241.00 458.00 391.00
