diningtable 12 0 178.00 166.00 500.00 375.00
person 110 0 1.00 59.00 79.00 326.00
person 49 0 45.00 48.00 102.00 203.00
person 98 0 164.00 51.00 239.00 156.00
person 57 0 244.00 33.00 323.00 196.00
person 49 0 329.00 110.00 373.00 209.00
person 71 0 333.00 119.00 465.00 247.00
person 98 0 96.00 124.00 280.00 373.00
diningtable 12 1 1.00 166.00 323.00 375.00
person 110 1 422.00 59.00 500.00 326.00
person 49 1 399.00 48.00 456.00 203.00
person 98 1 262.00 51.00 337.00 156.00
person 57 1 178.00 33.00 257.00 196.00
person 98 1 128.00 110.00 172.00 209.00
person 57 1 36.00 119.00 168.00 247.00
person 98 1 221.00 124.00 405.00 373.00
