person 98 0 65.00 200.00 163.00 357.00
person 57 0 138.00 239.00 215.00 365.00
person 57 0 171.00 171.00 303.00 365.00
person 49 0 306.00 284.00 371.00 394.00
chair -1 0 2.00 401.00 23.00 497.00
chair -1 0 33.00 434.00 199.00 497.00
chair -1 0 175.00 459.00 250.00 497.00
person 71 1 272.00 200.00 370.00 357.00
person 49 1 220.00 239.00 297.00 365.00
person 57 1 132.00 171.00 264.00 365.00
person 57 1 64.00 284.00 129.00 394.00
chair -1 1 412.00 401.00 433.00 497.00
chair -1 1 236.00 434.00 402.00 497.00
chair -1 1 185.00 459.00 260.00 497.00
