sofa -1 0 285.00 292.00 375.00 380.00
chair 68 0 273.00 274.00 317.00 312.00
chair 51 0 161.00 270.00 219.00 344.00
chair 11 0 86.00 277.00 146.00 355.00
chair -1 0 121.00 267.00 153.00 284.00
chair -1 0 38.00 271.00 91.00 336.00
chair 11 0 4.00 277.00 109.00 406.00
sofa -1 1 1.00 292.00 91.00 380.00
chair 68 1 59.00 274.00 103.00 312.00
chair 50 1 157.00 270.00 215.00 344.00
chair 11 1 230.00 277.00 290.00 355.00
chair -1 1 223.00 267.00 255.00 284.00
chair -1 1 285.00 271.00 338.00 336.00
chair 11 1 267.00 277.00 372.00 406.00
