pottedplant 105 0 111.00 232.00 171.00 315.00
pottedplant 7 0 263.00 209.00 311.00 289.00
pottedplant 7 0 199.00 200.00 246.00 254.00
pottedplant 23 0 6.00 143.00 95.00 230.00
pottedplant 105 0 171.00 198.00 195.00 251.00
chair 11 0 355.00 184.00 481.00 354.00
chair 107 0 461.00 171.00 500.00 375.00
pottedplant 105 1 330.00 232.00 390.00 315.00
pottedplant 7 1 190.00 209.00 238.00 289.00
pottedplant 7 1 255.00 200.00 302.00 254.00
pottedplant 72 1 406.00 143.00 495.00 230.00
pottedplant 105 1 306.00 198.00 330.00 251.00
chair 11 1 20.00 184.00 146.00 354.00
chair 107 1 1.00 171.00 40.00 375.00
