person 71 0 31.00 77.00 133.00 375.00
person 98 0 65.00 128.00 153.00 374.00
person 71 0 134.00 74.00 189.00 147.00
person 110 0 132.00 140.00 241.00 375.00
person 110 0 183.00 94.00 234.00 183.00
person 98 0 182.00 177.00 257.00 352.00
person 49 0 240.00 81.00 295.00 375.00
person 70 0 256.00 122.00 338.00 374.00
person 98 0 299.00 75.00 361.00 174.00
person 98 0 351.00 50.00 415.00 153.00
person 98 0 299.00 189.00 376.00 375.00
person 49 0 334.00 100.00 434.00 375.00
chair -1 0 461.00 193.00 499.00 294.00
person 49 1 368.00 77.00 470.00 375.00
person 57 1 348.00 128.00 436.00 374.00
person 70 1 312.00 74.00 367.00 147.00
person 98 1 260.00 140.00 369.00 375.00
person 49 1 267.00 94.00 318.00 183.00
person 49 1 244.00 177.00 319.00 352.00
person 49 1 206.00 81.00 261.00 375.00
person 70 1 163.00 122.00 245.00 374.00
person 98 1 140.00 75.00 202.00 174.00
person 98 1 86.00 50.00 150.00 153.00
person 98 1 125.00 189.00 202.00 375.00
person 98 1 67.00 100.00 167.00 375.00
chair -1 1 2.00 193.00 40.00 294.00
