motorbike 28 0 388.00 103.00 500.00 337.00
motorbike 62 0 2.00 153.00 104.00 375.00
motorbike 63 0 84.00 149.00 156.00 245.00
motorbike 79 0 214.00 136.00 326.00 331.00
person 49 0 289.00 77.00 334.00 201.00
person 57 0 212.00 89.00 331.00 298.00
person 57 0 144.00 85.00 207.00 315.00
motorbike 62 1 1.00 103.00 113.00 337.00
motorbike 63 1 397.00 153.00 499.00 375.00
motorbike 63 1 345.00 149.00 417.00 245.00
motorbike 79 1 175.00 136.00 287.00 331.00
person 49 1 167.00 77.00 212.00 201.00
person 57 1 170.00 89.00 289.00 298.00
person 57 1 294.00 85.00 357.00 315.00
