bus 75 0 58.00 391.00 294.00 485.00
person 70 0 306.00 431.00 324.00 478.00
person 70 0 333.00 426.00 351.00 477.00
person 110 0 360.00 419.00 375.00 472.00
person 98 0 115.00 421.00 166.00 500.00
person -1 0 1.00 425.00 25.00 500.00
person 70 0 25.00 457.00 75.00 500.00
bus 115 1 82.00 391.00 318.00 485.00
person 70 1 52.00 431.00 70.00 478.00
person 70 1 25.00 426.00 43.00 477.00
person 110 1 1.00 419.00 16.00 472.00
person 57 1 210.00 421.00 261.00 500.00
person -1 1 351.00 425.00 375.00 500.00
person 71 1 301.00 457.00 351.00 500.00
