bicycle 35 0 278.00 213.00 417.00 329.00
bicycle 47 0 218.00 213.00 293.00 322.00
bicycle 34 0 126.00 216.00 229.00 354.00
person 98 0 168.00 170.00 221.00 287.00
person 57 0 224.00 153.00 274.00 249.00
person 57 0 310.00 142.00 387.00 308.00
chair -1 0 207.00 86.00 232.00 104.00
chair 68 0 206.00 94.00 234.00 127.00
chair -1 0 270.00 92.00 296.00 103.00
chair 11 0 277.00 98.00 308.00 126.00
chair 11 0 299.00 110.00 337.00 147.00
sofa 76 0 175.00 120.00 213.00 170.00
pottedplant 72 0 284.00 160.00 308.00 192.00
pottedplant -1 0 266.00 165.00 281.00 187.00
pottedplant -1 0 316.00 107.00 338.00 171.00
pottedplant 7 0 449.00 105.00 500.00 189.00
pottedplant 7 0 376.00 63.00 409.00 124.00
tvmonitor -1 0 394.00 39.00 413.00 60.00
pottedplant 23 0 221.00 131.00 274.00 171.00
bicycle 34 1 84.00 213.00 223.00 329.00
bicycle 46 1 208.00 213.00 283.00 322.00
bicycle 35 1 272.00 216.00 375.00 354.00
person 98 1 280.00 170.00 333.00 287.00
person 98 1 227.00 153.00 277.00 249.00
person 57 1 114.00 142.00 191.00 308.00
chair -1 1 269.00 86.00 294.00 104.00
chair 107 1 267.00 94.00 295.00 127.00
chair -1 1 205.00 92.00 231.00 103.00
chair 68 1 193.00 98.00 224.00 126.00
chair 11 1 164.00 110.00 202.00 147.00
sofa 91 1 288.00 120.00 326.00 170.00
pottedplant 23 1 193.00 160.00 217.00 192.00
pottedplant -1 1 220.00 165.00 235.00 187.00
pottedplant -1 1 163.00 107.00 185.00 171.00
pottedplant 23 1 1.00 105.00 52.00 189.00
pottedplant 23 1 92.00 63.00 125.00 124.00
tvmonitor -1 1 88.00 39.00 107.00 60.00
pottedplant 23 1 227.00 131.00 280.00 171.00
