sofa -1 0 366.00 223.00 446.00 282.00
diningtable 21 0 15.00 265.00 350.00 375.00
chair -1 0 68.00 298.00 128.00 341.00
chair -1 0 154.00 276.00 191.00 312.00
chair -1 0 199.00 264.00 231.00 294.00
chair -1 0 292.00 255.00 334.00 277.00
chair 51 0 302.00 272.00 349.00 375.00
chair 51 0 220.00 294.00 309.00 375.00
chair -1 0 233.00 314.00 281.00 374.00
sofa -1 1 55.00 223.00 135.00 282.00
diningtable 21 1 151.00 265.00 486.00 375.00
chair -1 1 373.00 298.00 433.00 341.00
chair -1 1 310.00 276.00 347.00 312.00
chair -1 1 270.00 264.00 302.00 294.00
chair -1 1 167.00 255.00 209.00 277.00
chair 50 1 152.00 272.00 199.00 375.00
chair 50 1 192.00 294.00 281.00 375.00
chair -1 1 220.00 314.00 268.00 374.00
