bottle 82 0 245.00 176.00 259.00 232.00
bottle -1 0 270.00 190.00 284.00 239.00
bottle 82 0 288.00 171.00 302.00 226.00
bottle 1 0 298.00 186.00 310.00 218.00
bottle 13 0 261.00 207.00 281.00 285.00
bottle 25 0 203.00 209.00 214.00 239.00
bottle 25 0 199.00 229.00 214.00 264.00
bottle 25 0 174.00 268.00 195.00 328.00
person 57 0 231.00 133.00 317.00 208.00
person 110 0 153.00 146.00 196.00 231.00
person 57 0 108.00 144.00 159.00 266.00
person 57 0 69.00 163.00 121.00 288.00
person 57 0 3.00 155.00 107.00 330.00
person 57 0 341.00 129.00 394.00 236.00
person 57 0 422.00 131.00 462.00 173.00
person 98 0 338.00 132.00 458.00 308.00
person 98 0 355.00 158.00 500.00 345.00
diningtable 12 0 86.00 208.00 385.00 354.00
bottle 13 0 309.00 254.00 329.00 315.00
pottedplant -1 0 230.00 44.00 291.00 115.00
bottle 82 1 242.00 176.00 256.00 232.00
bottle -1 1 217.00 190.00 231.00 239.00
bottle 82 1 199.00 171.00 213.00 226.00
bottle 82 1 191.00 186.00 203.00 218.00
bottle 82 1 220.00 207.00 240.00 285.00
bottle 25 1 287.00 209.00 298.00 239.00
bottle 25 1 287.00 229.00 302.00 264.00
bottle 25 1 306.00 268.00 327.00 328.00
person 57 1 184.00 133.00 270.00 208.00
person 49 1 305.00 146.00 348.00 231.00
person 57 1 342.00 144.00 393.00 266.00
person 98 1 380.00 163.00 432.00 288.00
person 57 1 394.00 155.00 498.00 330.00
person 57 1 107.00 129.00 160.00 236.00
person 71 1 39.00 131.00 79.00 173.00
person 98 1 43.00 132.00 163.00 308.00
person 98 1 1.00 158.00 146.00 345.00
diningtable 12 1 116.00 208.00 415.00 354.00
bottle 82 1 172.00 254.00 192.00 315.00
pottedplant -1 1 210.00 44.00 271.00 115.00
