bus 115 0 244.00 165.00 419.00 292.00
car 41 0 419.00 217.00 457.00 267.00
car -1 0 417.00 226.00 427.00 260.00
car 41 0 455.00 229.00 500.00 269.00
car -1 0 479.00 229.00 497.00 239.00
car -1 0 459.00 221.00 500.00 239.00
car 83 0 1.00 209.00 167.00 310.00
car 41 0 193.00 234.00 231.00 284.00
car -1 0 215.00 230.00 244.00 272.00
car -1 0 235.00 253.00 243.00 289.00
bus 75 1 82.00 165.00 257.00 292.00
car 83 1 44.00 217.00 82.00 267.00
car -1 1 74.00 226.00 84.00 260.00
car 41 1 1.00 229.00 46.00 269.00
car -1 1 4.00 229.00 22.00 239.00
car -1 1 1.00 221.00 42.00 239.00
car 83 1 334.00 209.00 500.00 310.00
car 41 1 270.00 234.00 308.00 284.00
car -1 1 257.00 230.00 286.00 272.00
car -1 1 258.00 253.00 266.00 289.00
