tvmonitor 111 0 2.00 52.00 51.00 121.00
person 110 0 140.00 33.00 175.00 99.00
person 71 0 26.00 39.00 174.00 142.00
person 57 0 132.00 33.00 217.00 136.00
pottedplant 55 0 225.00 46.00 252.00 82.00
pottedplant 55 0 252.00 38.00 283.00 72.00
pottedplant -1 0 358.00 14.00 442.00 68.00
chair 11 0 261.00 39.00 377.00 124.00
sofa 44 0 1.00 109.00 500.00 375.00
person 71 0 150.00 132.00 490.00 307.00
dog 39 0 52.00 217.00 371.00 309.00
tvmonitor 120 1 450.00 52.00 499.00 121.00
person 49 1 326.00 33.00 361.00 99.00
person 70 1 327.00 39.00 475.00 142.00
person 57 1 284.00 33.00 369.00 136.00
pottedplant 55 1 249.00 46.00 276.00 82.00
pottedplant 55 1 218.00 38.00 249.00 72.00
pottedplant -1 1 59.00 14.00 143.00 68.00
chair 11 1 124.00 39.00 240.00 124.00
sofa 44 1 1.00 109.00 500.00 375.00
person 98 1 11.00 132.00 351.00 307.00
dog 38 1 130.00 217.00 449.00 309.00
