motorbike 64 0 108.00 66.00 353.00 293.00
person 49 0 387.00 49.00 426.00 216.00
person 49 0 2.00 2.00 69.00 249.00
person 49 0 311.00 44.00 376.00 219.00
person 98 0 75.00 58.00 119.00 177.00
person 98 0 419.00 2.00 500.00 315.00
person 98 0 157.00 73.00 192.00 128.00
person 110 0 139.00 102.00 152.00 153.00
person 70 0 374.00 84.00 394.00 126.00
person 49 0 269.00 28.00 312.00 115.00
motorbike 81 1 148.00 66.00 393.00 293.00
person 98 1 75.00 49.00 114.00 216.00
person 98 1 432.00 2.00 499.00 249.00
person 49 1 125.00 44.00 190.00 219.00
person 98 1 382.00 58.00 426.00 177.00
person 49 1 1.00 2.00 82.00 315.00
person 71 1 309.00 73.00 344.00 128.00
person 110 1 349.00 102.00 362.00 153.00
person 49 1 107.00 84.00 127.00 126.00
person 98 1 189.00 28.00 232.00 115.00
