person 57 0 125.00 107.00 186.00 174.00
person 110 0 82.00 99.00 123.00 305.00
person 110 0 436.00 78.00 489.00 360.00
person 110 0 434.00 61.00 500.00 375.00
person 49 0 327.00 79.00 368.00 159.00
person 98 0 283.00 61.00 344.00 175.00
person 110 0 4.00 82.00 96.00 375.00
person 49 0 342.00 95.00 443.00 375.00
person 98 0 97.00 83.00 338.00 375.00
person 49 0 199.00 82.00 376.00 375.00
person 57 1 315.00 107.00 376.00 174.00
person 110 1 378.00 99.00 419.00 305.00
person 110 1 12.00 78.00 65.00 360.00
person 110 1 1.00 61.00 67.00 375.00
person 49 1 133.00 79.00 174.00 159.00
person 98 1 157.00 61.00 218.00 175.00
person 110 1 405.00 82.00 497.00 375.00
person 57 1 58.00 95.00 159.00 375.00
person 98 1 163.00 83.00 404.00 375.00
person 98 1 125.00 82.00 302.00 375.00
