car 66 0 94.00 194.00 500.00 323.00
person -1 0 22.00 205.00 57.00 265.00
person -1 0 5.00 204.00 24.00 236.00
person -1 0 57.00 205.00 65.00 226.00
sheep -1 0 6.00 239.00 28.00 273.00
sheep -1 0 118.00 180.00 150.00 210.00
sheep -1 0 160.00 181.00 186.00 202.00
sheep -1 0 257.00 156.00 302.00 201.00
sheep -1 0 289.00 144.00 340.00 178.00
sheep -1 0 316.00 137.00 388.00 220.00
sheep -1 0 386.00 141.00 500.00 232.00
car 94 0 64.00 195.00 225.00 264.00
car 66 1 1.00 194.00 407.00 323.00
person -1 1 444.00 205.00 479.00 265.00
person -1 1 477.00 204.00 496.00 236.00
person -1 1 436.00 205.00 444.00 226.00
sheep -1 1 473.00 239.00 495.00 273.00
sheep -1 1 351.00 180.00 383.00 210.00
sheep -1 1 315.00 181.00 341.00 202.00
sheep -1 1 199.00 156.00 244.00 201.00
sheep -1 1 161.00 144.00 212.00 178.00
sheep -1 1 113.00 137.00 185.00 220.00
sheep -1 1 1.00 141.00 115.00 232.00
car 106 1 276.00 195.00 437.00 264.00
