car 94 0 87.00 79.00 422.00 283.00
car 106 0 1.00 102.00 157.00 181.00
car -1 0 472.00 109.00 500.00 158.00
person 110 0 2.00 82.00 63.00 196.00
person 110 0 455.00 96.00 485.00 174.00
car -1 0 1.00 181.00 173.00 333.00
person -1 0 465.00 125.00 500.00 333.00
person -1 0 468.00 36.00 481.00 63.00
person -1 0 390.00 39.00 405.00 62.00
person -1 0 373.00 33.00 388.00 61.00
person -1 0 358.00 38.00 373.00 57.00
person -1 0 334.00 36.00 344.00 54.00
person -1 0 263.00 33.00 276.00 52.00
person -1 0 277.00 38.00 288.00 51.00
person -1 0 294.00 40.00 301.00 54.00
person -1 0 309.00 40.00 318.00 56.00
person -1 0 447.00 40.00 459.00 61.00
car 41 1 79.00 79.00 414.00 283.00
car 94 1 344.00 102.00 500.00 181.00
car -1 1 1.00 109.00 29.00 158.00
person 49 1 438.00 82.00 499.00 196.00
person 49 1 16.00 96.00 46.00 174.00
car -1 1 328.00 181.00 500.00 333.00
person -1 1 1.00 125.00 36.00 333.00
person -1 1 20.00 36.00 33.00 63.00
person -1 1 96.00 39.00 111.00 62.00
person -1 1 113.00 33.00 128.00 61.00
person -1 1 128.00 38.00 143.00 57.00
person -1 1 157.00 36.00 167.00 54.00
person -1 1 225.00 33.00 238.00 52.00
person -1 1 213.00 38.00 224.00 51.00
person -1 1 200.00 40.00 207.00 54.00
person -1 1 183.00 40.00 192.00 56.00
person -1 1 42.00 40.00 54.00 61.00
