diningtable 45 0 181.00 189.00 495.00 333.00
person 71 0 275.00 149.00 338.00 220.00
person 98 0 344.00 153.00 408.00 241.00
person 98 0 387.00 147.00 500.00 291.00
person 98 0 5.00 3.00 205.00 333.00
person 98 0 178.00 95.00 241.00 190.00
person 70 0 72.00 54.00 183.00 204.00
diningtable 12 1 6.00 189.00 320.00 333.00
person 98 1 163.00 149.00 226.00 220.00
person 71 1 93.00 153.00 157.00 241.00
person 98 1 1.00 147.00 114.00 291.00
person 98 1 296.00 3.00 496.00 333.00
person 98 1 260.00 95.00 323.00 190.00
person 70 1 318.00 54.00 429.00 204.00
