diningtable 12 0 29.00 160.00 494.00 332.00
diningtable -1 0 156.00 120.00 293.00 159.00
person 98 0 312.00 69.00 398.00 196.00
person 98 0 384.00 103.00 498.00 312.00
person 70 0 348.00 76.00 446.00 234.00
person 98 0 67.00 73.00 180.00 217.00
person 110 0 1.00 68.00 109.00 316.00
person 98 0 222.00 26.00 266.00 101.00
person 98 0 259.00 64.00 316.00 160.00
person 98 0 112.00 64.00 159.00 158.00
person -1 0 344.00 8.00 395.00 103.00
diningtable 12 1 7.00 160.00 472.00 332.00
diningtable -1 1 208.00 120.00 345.00 159.00
person 71 1 103.00 69.00 189.00 196.00
person 70 1 3.00 103.00 117.00 312.00
person 70 1 55.00 76.00 153.00 234.00
person 71 1 321.00 73.00 434.00 217.00
person 110 1 392.00 68.00 500.00 316.00
person 98 1 235.00 26.00 279.00 101.00
person 70 1 185.00 64.00 242.00 160.00
person 98 1 342.00 64.00 389.00 158.00
person -1 1 106.00 8.00 157.00 103.00
