motorbike 64 0 1.00 178.00 366.00 375.00
motorbike 81 0 38.00 97.00 500.00 324.00
person 110 0 75.00 52.00 138.00 250.00
person 98 0 205.00 68.00 246.00 149.00
person 110 0 266.00 37.00 314.00 192.00
person 110 0 347.00 37.00 385.00 195.00
person 110 0 416.00 43.00 463.00 202.00
person 49 0 132.00 50.00 170.00 159.00
person 110 0 313.00 46.00 349.00 181.00
motorbike 64 1 135.00 178.00 500.00 375.00
motorbike 81 1 1.00 97.00 463.00 324.00
person 110 1 363.00 52.00 426.00 250.00
person 110 1 255.00 68.00 296.00 149.00
person 110 1 187.00 37.00 235.00 192.00
person 110 1 116.00 37.00 154.00 195.00
person 110 1 38.00 43.00 85.00 202.00
person 98 1 331.00 50.00 369.00 159.00
person 110 1 152.00 46.00 188.00 181.00
