chair -1 0 164.00 270.00 465.00 499.00
chair 50 0 12.00 178.00 171.00 419.00
diningtable -1 0 93.00 262.00 497.00 500.00
chair -1 0 410.00 190.00 472.00 239.00
person 98 0 105.00 122.00 256.00 339.00
person 70 0 160.00 202.00 436.00 499.00
person 70 0 349.00 157.00 428.00 276.00
chair -1 1 33.00 270.00 334.00 499.00
chair 51 1 327.00 178.00 486.00 419.00
diningtable -1 1 1.00 262.00 405.00 500.00
chair -1 1 26.00 190.00 88.00 239.00
person 57 1 242.00 122.00 393.00 339.00
person 70 1 62.00 202.00 338.00 499.00
person 57 1 70.00 157.00 149.00 276.00
