sheep 32 0 75.00 238.00 146.00 286.00
sheep 53 0 160.00 221.00 201.00 255.00
sheep 108 0 127.00 232.00 179.00 269.00
sheep 119 0 397.00 225.00 426.00 263.00
sheep 119 0 323.00 222.00 361.00 260.00
sheep 32 0 227.00 232.00 272.00 269.00
sheep -1 0 259.00 220.00 293.00 256.00
sheep 53 0 170.00 199.00 203.00 221.00
sheep -1 0 220.00 202.00 238.00 220.00
sheep -1 0 379.00 223.00 400.00 247.00
sheep 59 0 358.00 199.00 382.00 218.00
sheep -1 0 383.00 199.00 408.00 218.00
sheep -1 0 275.00 211.00 302.00 237.00
sheep 108 1 355.00 238.00 426.00 286.00
sheep 108 1 300.00 221.00 341.00 255.00
sheep 32 1 322.00 232.00 374.00 269.00
sheep 32 1 75.00 225.00 104.00 263.00
sheep 53 1 140.00 222.00 178.00 260.00
sheep 119 1 229.00 232.00 274.00 269.00
sheep -1 1 208.00 220.00 242.00 256.00
sheep 32 1 298.00 199.00 331.00 221.00
sheep -1 1 263.00 202.00 281.00 220.00
sheep -1 1 101.00 223.00 122.00 247.00
sheep 108 1 119.00 199.00 143.00 218.00
sheep -1 1 93.00 199.00 118.00 218.00
sheep -1 1 199.00 211.00 226.00 237.00
