chair -1 0 283.00 104.00 315.00 157.00
chair -1 0 317.00 109.00 357.00 177.00
chair -1 0 353.00 116.00 408.00 201.00
chair -1 0 419.00 131.00 495.00 237.00
chair -1 0 357.00 219.00 500.00 375.00
chair 11 0 62.00 138.00 132.00 324.00
chair -1 0 162.00 94.00 218.00 146.00
diningtable 12 0 124.00 127.00 500.00 375.00
chair -1 1 186.00 104.00 218.00 157.00
chair -1 1 144.00 109.00 184.00 177.00
chair -1 1 93.00 116.00 148.00 201.00
chair -1 1 6.00 131.00 82.00 237.00
chair -1 1 1.00 219.00 144.00 375.00
chair 68 1 369.00 138.00 439.00 324.00
chair -1 1 283.00 94.00 339.00 146.00
diningtable 12 1 1.00 127.00 377.00 375.00
