car 41 0 351.00 251.00 481.00 308.00
car 66 0 222.00 251.00 362.00 308.00
car 94 0 131.00 257.00 246.00 307.00
car 94 0 41.00 259.00 157.00 305.00
car 83 0 10.00 239.00 91.00 300.00
person 98 0 443.00 230.00 464.00 262.00
person -1 0 429.00 244.00 438.00 252.00
person -1 0 408.00 242.00 419.00 252.00
person -1 0 392.00 245.00 401.00 254.00
person -1 0 118.00 250.00 129.00 260.00
person -1 0 129.00 253.00 138.00 262.00
car 41 1 20.00 251.00 150.00 308.00
car 52 1 139.00 251.00 279.00 308.00
car 106 1 255.00 257.00 370.00 307.00
car 106 1 344.00 259.00 460.00 305.00
car 83 1 410.00 239.00 491.00 300.00
person 98 1 37.00 230.00 58.00 262.00
person -1 1 63.00 244.00 72.00 252.00
person -1 1 82.00 242.00 93.00 252.00
person -1 1 100.00 245.00 109.00 254.00
person -1 1 372.00 250.00 383.00 260.00
person -1 1 363.00 253.00 372.00 262.00
