person 70 0 80.00 88.00 405.00 375.00
person 70 0 436.00 147.00 475.00 209.00
person 70 0 381.00 145.00 428.00 191.00
diningtable -1 0 402.00 219.00 500.00 375.00
diningtable -1 0 347.00 177.00 405.00 216.00
diningtable -1 0 160.00 167.00 203.00 188.00
diningtable 58 0 104.00 185.00 209.00 279.00
diningtable -1 0 1.00 322.00 82.00 375.00
diningtable -1 0 2.00 169.00 53.00 225.00
chair 51 0 408.00 241.00 500.00 375.00
chair 11 0 49.00 178.00 135.00 279.00
chair -1 0 135.00 164.00 167.00 188.00
chair 68 0 150.00 184.00 233.00 290.00
chair 89 0 19.00 167.00 65.00 231.00
chair -1 0 56.00 163.00 95.00 209.00
chair -1 0 97.00 177.00 152.00 203.00
chair -1 0 184.00 166.00 231.00 194.00
chair -1 0 196.00 181.00 240.00 208.00
chair -1 0 400.00 178.00 454.00 232.00
chair -1 0 1.00 169.00 32.00 174.00
person 71 1 96.00 88.00 421.00 375.00
person 98 1 26.00 147.00 65.00 209.00
person 70 1 73.00 145.00 120.00 191.00
diningtable -1 1 1.00 219.00 99.00 375.00
diningtable -1 1 96.00 177.00 154.00 216.00
diningtable -1 1 298.00 167.00 341.00 188.00
diningtable 58 1 292.00 185.00 397.00 279.00
diningtable -1 1 419.00 322.00 500.00 375.00
diningtable -1 1 448.00 169.00 499.00 225.00
chair 50 1 1.00 241.00 93.00 375.00
chair 11 1 366.00 178.00 452.00 279.00
chair -1 1 334.00 164.00 366.00 188.00
chair 11 1 268.00 184.00 351.00 290.00
chair 89 1 436.00 167.00 482.00 231.00
chair -1 1 406.00 163.00 445.00 209.00
chair -1 1 349.00 177.00 404.00 203.00
chair -1 1 270.00 166.00 317.00 194.00
chair -1 1 261.00 181.00 305.00 208.00
chair -1 1 47.00 178.00 101.00 232.00
chair -1 1 469.00 169.00 500.00 174.00
