chair 51 0 387.00 164.00 489.00 372.00
chair -1 0 1.00 162.00 52.00 341.00
bottle 1 0 183.00 103.00 210.00 183.00
diningtable 65 0 49.00 135.00 440.00 375.00
chair -1 0 96.00 299.00 334.00 375.00
chair -1 0 286.00 99.00 398.00 133.00
chair -1 0 104.00 111.00 195.00 169.00
chair 50 1 12.00 164.00 114.00 372.00
chair -1 1 449.00 162.00 500.00 341.00
bottle 1 1 291.00 103.00 318.00 183.00
diningtable 45 1 61.00 135.00 452.00 375.00
chair -1 1 167.00 299.00 405.00 375.00
chair -1 1 103.00 99.00 215.00 133.00
chair -1 1 306.00 111.00 397.00 169.00
