car 94 0 18.00 110.00 424.00 301.00
person 57 0 435.00 102.00 446.00 131.00
person -1 0 454.00 102.00 464.00 117.00
person -1 0 409.00 103.00 416.00 124.00
car -1 0 418.00 106.00 457.00 129.00
car 94 0 450.00 108.00 500.00 146.00
person 110 0 479.00 96.00 500.00 156.00
car 106 0 334.00 95.00 380.00 121.00
person 98 0 367.00 100.00 401.00 137.00
person 49 0 400.00 125.00 425.00 167.00
person -1 0 206.00 109.00 226.00 132.00
car 106 0 179.00 13.00 235.00 64.00
car 52 1 77.00 110.00 483.00 301.00
person 49 1 55.00 102.00 66.00 131.00
person -1 1 37.00 102.00 47.00 117.00
person -1 1 85.00 103.00 92.00 124.00
car -1 1 44.00 106.00 83.00 129.00
car 106 1 1.00 108.00 51.00 146.00
person 110 1 1.00 96.00 22.00 156.00
car 94 1 121.00 95.00 167.00 121.00
person 98 1 100.00 100.00 134.00 137.00
person 49 1 76.00 125.00 101.00 167.00
person -1 1 275.00 109.00 295.00 132.00
car 94 1 266.00 13.00 322.00 64.00
