bus 115 0 364.00 161.00 500.00 282.00
bus 75 0 19.00 165.00 327.00 275.00
car 106 0 1.00 264.00 216.00 374.00
person 98 0 419.00 221.00 490.00 374.00
person 98 0 255.00 221.00 341.00 374.00
person 110 0 329.00 209.00 351.00 285.00
person 57 0 304.00 210.00 333.00 285.00
person 110 0 128.00 230.00 181.00 321.00
person 70 0 110.00 221.00 143.00 273.00
person 98 0 65.00 222.00 106.00 271.00
car 66 0 1.00 230.00 209.00 298.00
bus 75 1 1.00 161.00 137.00 282.00
bus 75 1 174.00 165.00 482.00 275.00
car 66 1 285.00 264.00 500.00 374.00
person 49 1 11.00 221.00 82.00 374.00
person 98 1 160.00 221.00 246.00 374.00
person 110 1 150.00 209.00 172.00 285.00
person 57 1 168.00 210.00 197.00 285.00
person 110 1 320.00 230.00 373.00 321.00
person 98 1 358.00 221.00 391.00 273.00
person 98 1 395.00 222.00 436.00 271.00
car 52 1 292.00 230.00 500.00 298.00
