bottle 1 0 238.00 138.00 259.00 217.00
bottle 1 0 260.00 155.00 285.00 239.00
bottle 1 0 291.00 133.00 314.00 209.00
bottle 1 0 284.00 101.00 304.00 155.00
bottle 1 0 221.00 304.00 259.00 375.00
bottle 13 0 246.00 280.00 278.00 375.00
person 71 0 1.00 100.00 180.00 375.00
person 57 0 43.00 50.00 206.00 254.00
person 57 0 159.00 57.00 236.00 198.00
person 98 0 391.00 95.00 500.00 375.00
person 70 0 362.00 72.00 500.00 269.00
person 70 0 332.00 71.00 399.00 212.00
person 49 0 312.00 40.00 355.00 139.00
person 98 0 261.00 36.00 317.00 105.00
person 110 0 1.00 56.00 52.00 195.00
diningtable 12 0 145.00 96.00 436.00 375.00
bottle 1 1 242.00 138.00 263.00 217.00
bottle 25 1 216.00 155.00 241.00 239.00
bottle 10 1 187.00 133.00 210.00 209.00
bottle 1 1 197.00 101.00 217.00 155.00
bottle 1 1 242.00 304.00 280.00 375.00
bottle 1 1 223.00 280.00 255.00 375.00
person 70 1 321.00 100.00 500.00 375.00
person 57 1 295.00 50.00 458.00 254.00
person 57 1 265.00 57.00 342.00 198.00
person 98 1 1.00 95.00 110.00 375.00
person 71 1 1.00 72.00 139.00 269.00
person 98 1 102.00 71.00 169.00 212.00
person 57 1 146.00 40.00 189.00 139.00
person 98 1 184.00 36.00 240.00 105.00
person 110 1 449.00 56.00 500.00 195.00
diningtable 12 1 65.00 96.00 356.00 375.00
