car 41 0 101.00 110.00 171.00 167.00
car 66 0 352.00 95.00 454.00 133.00
car 66 0 235.00 101.00 350.00 137.00
car 66 0 309.00 95.00 373.00 119.00
car 83 0 183.00 93.00 271.00 139.00
car 83 0 160.00 97.00 185.00 109.00
car -1 0 50.00 97.00 65.00 112.00
car -1 0 34.00 101.00 53.00 116.00
car 41 0 1.00 99.00 27.00 126.00
car 41 1 330.00 110.00 400.00 167.00
car 66 1 47.00 95.00 149.00 133.00
car 66 1 151.00 101.00 266.00 137.00
car 66 1 128.00 95.00 192.00 119.00
car 83 1 230.00 93.00 318.00 139.00
car 83 1 316.00 97.00 341.00 109.00
car -1 1 436.00 97.00 451.00 112.00
car -1 1 448.00 101.00 467.00 116.00
car 83 1 474.00 99.00 500.00 126.00
