car 83 0 123.00 43.00 434.00 302.00
car -1 0 1.00 104.00 44.00 172.00
car -1 0 420.00 121.00 455.00 167.00
person 49 0 26.00 104.00 65.00 213.00
person 49 0 66.00 137.00 93.00 214.00
person 110 0 93.00 141.00 118.00 213.00
person 49 0 465.00 103.00 480.00 161.00
person 110 0 108.00 110.00 132.00 176.00
car -1 0 80.00 109.00 132.00 146.00
person 110 0 56.00 109.00 75.00 188.00
car 41 1 67.00 43.00 378.00 302.00
car -1 1 457.00 104.00 500.00 172.00
car -1 1 46.00 121.00 81.00 167.00
person 98 1 436.00 104.00 475.00 213.00
person 110 1 408.00 137.00 435.00 214.00
person 110 1 383.00 141.00 408.00 213.00
person 110 1 21.00 103.00 36.00 161.00
person 49 1 369.00 110.00 393.00 176.00
car -1 1 369.00 109.00 421.00 146.00
person 49 1 426.00 109.00 445.00 188.00
