tvmonitor 104 0 67.00 65.00 148.00 137.00
chair -1 0 94.00 255.00 171.00 315.00
chair -1 0 93.00 142.00 162.00 194.00
sofa 91 0 284.00 100.00 383.00 335.00
person 71 0 284.00 166.00 371.00 238.00
person 57 0 265.00 104.00 322.00 184.00
person 57 0 81.00 128.00 183.00 199.00
person 71 0 86.00 254.00 188.00 301.00
tvmonitor 103 1 353.00 65.00 434.00 137.00
chair -1 1 330.00 255.00 407.00 315.00
chair -1 1 339.00 142.00 408.00 194.00
sofa 90 1 118.00 100.00 217.00 335.00
person 70 1 130.00 166.00 217.00 238.00
person 71 1 179.00 104.00 236.00 184.00
person 98 1 318.00 128.00 420.00 199.00
person 70 1 313.00 254.00 415.00 301.00
