car 66 0 313.00 301.00 394.00 338.00
car 83 0 415.00 307.00 469.00 345.00
car 83 0 442.00 307.00 500.00 363.00
car 52 0 120.00 307.00 189.00 339.00
car 66 0 80.00 304.00 124.00 332.00
car 106 0 226.00 312.00 270.00 333.00
car 106 0 12.00 306.00 40.00 322.00
bus 115 0 106.00 277.00 227.00 334.00
car 66 1 107.00 301.00 188.00 338.00
car 83 1 32.00 307.00 86.00 345.00
car 83 1 1.00 307.00 59.00 363.00
car 94 1 312.00 307.00 381.00 339.00
car 66 1 377.00 304.00 421.00 332.00
car 94 1 231.00 312.00 275.00 333.00
car 94 1 461.00 306.00 489.00 322.00
bus 116 1 274.00 277.00 395.00 334.00
