bottle 82 0 246.00 251.00 265.00 295.00
person 57 0 5.00 209.00 125.00 375.00
person 98 0 323.00 198.00 435.00 365.00
person 57 0 267.00 185.00 353.00 290.00
person 71 0 250.00 126.00 289.00 167.00
person 49 0 3.00 163.00 56.00 305.00
person 98 0 82.00 155.00 157.00 295.00
person 71 0 127.00 135.00 207.00 276.00
person 70 0 204.00 130.00 227.00 171.00
person 110 0 217.00 132.00 260.00 234.00
person -1 0 306.00 126.00 337.00 172.00
person -1 0 347.00 139.00 363.00 176.00
diningtable 21 0 77.00 266.00 420.00 375.00
diningtable -1 0 244.00 167.00 362.00 219.00
chair 68 0 394.00 253.00 489.00 358.00
chair 50 0 210.00 170.00 266.00 238.00
chair -1 0 322.00 175.00 361.00 224.00
bottle 82 1 236.00 251.00 255.00 295.00
person 49 1 376.00 209.00 496.00 375.00
person 98 1 66.00 198.00 178.00 365.00
person 57 1 148.00 185.00 234.00 290.00
person 70 1 212.00 126.00 251.00 167.00
person 49 1 445.00 163.00 498.00 305.00
person 98 1 344.00 155.00 419.00 295.00
person 57 1 294.00 135.00 374.00 276.00
person 70 1 274.00 130.00 297.00 171.00
person 49 1 241.00 132.00 284.00 234.00
person -1 1 164.00 126.00 195.00 172.00
person -1 1 138.00 139.00 154.00 176.00
diningtable 21 1 81.00 266.00 424.00 375.00
diningtable -1 1 139.00 167.00 257.00 219.00
chair 68 1 12.00 253.00 107.00 358.00
chair 51 1 235.00 170.00 291.00 238.00
chair -1 1 140.00 175.00 179.00 224.00
