person 70 0 75.00 202.00 279.00 375.00
person 110 0 1.00 168.00 54.00 375.00
person 57 0 370.00 224.00 492.00 375.00
person 49 0 298.00 225.00 376.00 375.00
person 70 0 220.00 202.00 467.00 375.00
person 98 0 140.00 153.00 182.00 210.00
person -1 0 204.00 169.00 238.00 200.00
person -1 0 257.00 168.00 300.00 207.00
person 70 1 222.00 202.00 426.00 375.00
person 98 1 447.00 168.00 500.00 375.00
person 98 1 9.00 224.00 131.00 375.00
person 49 1 125.00 225.00 203.00 375.00
person 71 1 34.00 202.00 281.00 375.00
person 98 1 319.00 153.00 361.00 210.00
person -1 1 263.00 169.00 297.00 200.00
person -1 1 201.00 168.00 244.00 207.00
