horse 22 0 52.00 115.00 332.00 354.00
person 98 0 174.00 65.00 255.00 210.00
person 98 0 283.00 118.00 368.00 349.00
person 49 0 427.00 135.00 457.00 214.00
person 49 0 461.00 128.00 499.00 254.00
person 98 0 1.00 147.00 42.00 248.00
car 66 0 375.00 142.00 433.00 176.00
car -1 0 454.00 147.00 490.00 170.00
horse 85 1 169.00 115.00 449.00 354.00
person 98 1 246.00 65.00 327.00 210.00
person 98 1 133.00 118.00 218.00 349.00
person 98 1 44.00 135.00 74.00 214.00
person 71 1 2.00 128.00 40.00 254.00
person 98 1 459.00 147.00 500.00 248.00
car 66 1 68.00 142.00 126.00 176.00
car -1 1 11.00 147.00 47.00 170.00
