car 52 0 22.00 84.00 489.00 264.00
car 94 0 97.00 64.00 216.00 121.00
person 98 0 461.00 98.00 491.00 153.00
person 70 0 426.00 103.00 452.00 135.00
person 70 0 390.00 97.00 413.00 128.00
person -1 0 372.00 103.00 395.00 127.00
person -1 0 358.00 103.00 372.00 123.00
person 70 0 166.00 104.00 185.00 119.00
car 66 1 12.00 84.00 479.00 264.00
car 52 1 285.00 64.00 404.00 121.00
person 98 1 10.00 98.00 40.00 153.00
person 98 1 49.00 103.00 75.00 135.00
person 70 1 88.00 97.00 111.00 128.00
person -1 1 106.00 103.00 129.00 127.00
person -1 1 129.00 103.00 143.00 123.00
person 70 1 316.00 104.00 335.00 119.00
