bottle 10 0 65.00 259.00 98.00 346.00
person 57 0 1.00 160.00 160.00 352.00
person 57 0 75.00 113.00 170.00 257.00
person 49 0 210.00 85.00 313.00 238.00
person 98 0 324.00 135.00 429.00 312.00
person -1 0 433.00 227.00 500.00 325.00
person -1 0 390.00 266.00 500.00 375.00
bottle 10 1 403.00 259.00 436.00 346.00
person 98 1 341.00 160.00 500.00 352.00
person 98 1 331.00 113.00 426.00 257.00
person 98 1 188.00 85.00 291.00 238.00
person 98 1 72.00 135.00 177.00 312.00
person -1 1 1.00 227.00 68.00 325.00
person -1 1 1.00 266.00 111.00 375.00
