bottle 1 0 435.00 84.00 461.00 159.00
bottle 25 0 394.00 80.00 416.00 137.00
bottle -1 0 474.00 116.00 500.00 186.00
person 57 0 307.00 109.00 474.00 327.00
person 98 0 219.00 86.00 350.00 270.00
person 57 0 1.00 60.00 100.00 247.00
diningtable 65 0 3.00 201.00 479.00 375.00
bottle 82 1 40.00 84.00 66.00 159.00
bottle 25 1 85.00 80.00 107.00 137.00
bottle -1 1 1.00 116.00 27.00 186.00
person 57 1 27.00 109.00 194.00 327.00
person 71 1 151.00 86.00 282.00 270.00
person 57 1 401.00 60.00 500.00 247.00
diningtable 65 1 22.00 201.00 498.00 375.00
