bicycle 46 0 260.00 198.00 362.00 311.00
bicycle 46 0 226.00 183.00 319.00 273.00
bicycle 46 0 104.00 181.00 216.00 287.00
person 57 0 107.00 110.00 199.00 269.00
person 98 0 227.00 126.00 286.00 207.00
person 57 0 261.00 125.00 355.00 269.00
person 110 0 5.00 96.00 32.00 148.00
person 49 0 31.00 100.00 64.00 150.00
person 110 0 63.00 98.00 89.00 148.00
person 49 0 13.00 125.00 80.00 235.00
person 49 0 61.00 135.00 111.00 231.00
person 57 0 95.00 129.00 128.00 177.00
person 98 0 334.00 111.00 368.00 153.00
person 49 0 370.00 110.00 395.00 153.00
person 110 0 390.00 108.00 425.00 227.00
person 110 0 423.00 117.00 450.00 155.00
person 70 0 447.00 116.00 496.00 225.00
bicycle 47 1 139.00 198.00 241.00 311.00
bicycle 34 1 182.00 183.00 275.00 273.00
bicycle 35 1 285.00 181.00 397.00 287.00
person 57 1 302.00 110.00 394.00 269.00
person 98 1 215.00 126.00 274.00 207.00
person 57 1 146.00 125.00 240.00 269.00
person 49 1 469.00 96.00 496.00 148.00
person 49 1 437.00 100.00 470.00 150.00
person 49 1 412.00 98.00 438.00 148.00
person 49 1 421.00 125.00 488.00 235.00
person 49 1 390.00 135.00 440.00 231.00
person 49 1 373.00 129.00 406.00 177.00
person 98 1 133.00 111.00 167.00 153.00
person 49 1 106.00 110.00 131.00 153.00
person 110 1 76.00 108.00 111.00 227.00
person 49 1 51.00 117.00 78.00 155.00
person 110 1 5.00 116.00 54.00 225.00
