train 9 0 104.00 28.00 451.00 311.00
car 83 0 5.00 193.00 86.00 234.00
car 41 0 86.00 200.00 131.00 227.00
car -1 0 1.00 203.00 21.00 240.00
car -1 0 106.00 195.00 144.00 214.00
car -1 0 144.00 193.00 164.00 213.00
person 49 0 473.00 187.00 488.00 211.00
train 8 1 50.00 28.00 397.00 311.00
car 83 1 415.00 193.00 496.00 234.00
car 41 1 370.00 200.00 415.00 227.00
car -1 1 480.00 203.00 500.00 240.00
car -1 1 357.00 195.00 395.00 214.00
car -1 1 337.00 193.00 357.00 213.00
person 57 1 13.00 187.00 28.00 211.00
