horse 85 0 362.00 133.00 500.00 281.00
horse 85 0 318.00 153.00 386.00 271.00
horse 92 0 236.00 142.00 287.00 285.00
horse 14 0 164.00 175.00 215.00 271.00
horse 99 0 3.00 201.00 115.00 305.00
horse 88 0 72.00 170.00 122.00 276.00
person 110 0 399.00 109.00 454.00 226.00
person 98 0 320.00 124.00 376.00 223.00
person 57 0 231.00 122.00 291.00 233.00
person 98 0 163.00 133.00 218.00 235.00
person 57 0 74.00 142.00 121.00 242.00
person 57 0 31.00 143.00 82.00 260.00
horse 22 1 1.00 133.00 139.00 281.00
horse 92 1 115.00 153.00 183.00 271.00
horse 92 1 214.00 142.00 265.00 285.00
horse 92 1 286.00 175.00 337.00 271.00
horse 85 1 386.00 201.00 498.00 305.00
horse 92 1 379.00 170.00 429.00 276.00
person 110 1 47.00 109.00 102.00 226.00
person 98 1 125.00 124.00 181.00 223.00
person 98 1 210.00 122.00 270.00 233.00
person 98 1 283.00 133.00 338.00 235.00
person 98 1 380.00 142.00 427.00 242.00
person 57 1 419.00 143.00 470.00 260.00
