motorbike 64 0 44.00 180.00 289.00 330.00
person 110 0 290.00 141.00 355.00 322.00
person 98 0 207.00 114.00 283.00 223.00
person 110 0 338.00 150.00 379.00 316.00
bicycle 37 0 12.00 196.00 61.00 305.00
bicycle 37 0 433.00 195.00 491.00 259.00
person 70 0 460.00 273.00 480.00 302.00
motorbike 81 1 212.00 180.00 457.00 330.00
person 110 1 146.00 141.00 211.00 322.00
person 71 1 218.00 114.00 294.00 223.00
person 49 1 122.00 150.00 163.00 316.00
bicycle 37 1 440.00 196.00 489.00 305.00
bicycle 37 1 10.00 195.00 68.00 259.00
person 98 1 21.00 273.00 41.00 302.00
