person 57 0 431.00 172.00 457.00 229.00
person 57 0 414.00 172.00 433.00 228.00
person 57 0 394.00 175.00 415.00 227.00
person -1 0 369.00 81.00 389.00 105.00
person -1 0 247.00 83.00 264.00 136.00
person -1 0 259.00 81.00 274.00 135.00
person 110 0 181.00 84.00 194.00 135.00
person -1 0 171.00 87.00 183.00 104.00
person 49 0 136.00 84.00 154.00 134.00
person 110 0 122.00 89.00 137.00 137.00
person 110 0 104.00 86.00 129.00 134.00
person 49 0 88.00 84.00 107.00 137.00
person 49 0 34.00 87.00 48.00 104.00
person -1 0 12.00 76.00 30.00 104.00
person -1 0 337.00 90.00 348.00 102.00
boat 84 0 1.00 1.00 500.00 372.00
person 57 1 44.00 172.00 70.00 229.00
person 49 1 68.00 172.00 87.00 228.00
person 57 1 86.00 175.00 107.00 227.00
person -1 1 112.00 81.00 132.00 105.00
person -1 1 237.00 83.00 254.00 136.00
person -1 1 227.00 81.00 242.00 135.00
person 110 1 307.00 84.00 320.00 135.00
person -1 1 318.00 87.00 330.00 104.00
person 49 1 347.00 84.00 365.00 134.00
person 110 1 364.00 89.00 379.00 137.00
person 98 1 372.00 86.00 397.00 134.00
person 110 1 394.00 84.00 413.00 137.00
person 49 1 453.00 87.00 467.00 104.00
person -1 1 471.00 76.00 489.00 104.00
person -1 1 153.00 90.00 164.00 102.00
boat 84 1 1.00 1.00 500.00 372.00
