person 57 0 122.00 87.00 174.00 164.00
person 98 0 191.00 98.00 210.00 124.00
person 49 0 212.00 79.00 275.00 283.00
person 49 0 242.00 86.00 286.00 233.00
person 71 0 86.00 101.00 182.00 214.00
person 49 0 143.00 99.00 241.00 327.00
person 71 0 2.00 39.00 217.00 331.00
person 49 0 233.00 39.00 373.00 331.00
person -1 0 351.00 69.00 387.00 216.00
person 110 0 384.00 57.00 484.00 323.00
person 98 1 327.00 87.00 379.00 164.00
person 57 1 291.00 98.00 310.00 124.00
person 110 1 226.00 79.00 289.00 283.00
person 110 1 215.00 86.00 259.00 233.00
person 57 1 319.00 101.00 415.00 214.00
person 49 1 260.00 99.00 358.00 327.00
person 57 1 284.00 39.00 499.00 331.00
person 49 1 128.00 39.00 268.00 331.00
person -1 1 114.00 69.00 150.00 216.00
person 49 1 17.00 57.00 117.00 323.00
