chair 50 0 64.00 128.00 113.00 155.00
chair 68 0 157.00 124.00 190.00 171.00
chair 51 0 172.00 137.00 209.00 182.00
chair 68 0 213.00 144.00 252.00 195.00
chair 68 0 249.00 161.00 291.00 216.00
chair 11 0 133.00 207.00 271.00 375.00
chair 68 0 17.00 179.00 152.00 373.00
chair -1 0 36.00 156.00 104.00 269.00
chair -1 0 14.00 133.00 61.00 266.00
diningtable 45 0 48.00 150.00 216.00 375.00
tvmonitor 42 0 386.00 104.00 429.00 140.00
chair 50 1 388.00 128.00 437.00 155.00
chair 51 1 311.00 124.00 344.00 171.00
chair 50 1 292.00 137.00 329.00 182.00
chair 11 1 249.00 144.00 288.00 195.00
chair 11 1 210.00 161.00 252.00 216.00
chair 11 1 230.00 207.00 368.00 375.00
chair 51 1 349.00 179.00 484.00 373.00
chair -1 1 397.00 156.00 465.00 269.00
chair -1 1 440.00 133.00 487.00 266.00
diningtable 100 1 285.00 150.00 453.00 375.00
tvmonitor 42 1 72.00 104.00 115.00 140.00
