person 71 0 36.00 77.00 163.00 368.00
person 70 0 291.00 160.00 358.00 261.00
person 98 0 390.00 110.00 500.00 314.00
chair -1 0 406.00 286.00 457.00 360.00
chair -1 0 424.00 311.00 485.00 393.00
chair -1 0 440.00 349.00 500.00 440.00
diningtable 65 0 1.00 326.00 454.00 439.00
person 49 1 338.00 77.00 465.00 368.00
person 70 1 143.00 160.00 210.00 261.00
person 98 1 1.00 110.00 111.00 314.00
chair -1 1 44.00 286.00 95.00 360.00
chair -1 1 16.00 311.00 77.00 393.00
chair -1 1 1.00 349.00 61.00 440.00
diningtable 65 1 47.00 326.00 500.00 439.00
