diningtable -1 0 213.00 228.00 500.00 332.00
person 98 0 443.00 106.00 500.00 213.00
person 98 0 277.00 113.00 372.00 285.00
person 98 0 185.00 101.00 355.00 303.00
person 71 0 2.00 77.00 258.00 332.00
bottle 25 0 408.00 207.00 426.00 268.00
bottle 82 0 442.00 188.00 464.00 239.00
diningtable -1 1 1.00 228.00 288.00 332.00
person 98 1 1.00 106.00 58.00 213.00
person 49 1 129.00 113.00 224.00 285.00
person 57 1 146.00 101.00 316.00 303.00
person 70 1 243.00 77.00 499.00 332.00
bottle 25 1 75.00 207.00 93.00 268.00
bottle 13 1 37.00 188.00 59.00 239.00
