boat 20 0 394.00 42.00 445.00 234.00
boat 20 0 353.00 81.00 390.00 207.00
boat 20 0 309.00 52.00 372.00 246.00
boat 84 0 294.00 110.00 324.00 196.00
boat 20 0 242.00 70.00 275.00 212.00
boat 20 0 230.00 117.00 245.00 189.00
boat 20 0 214.00 112.00 239.00 201.00
boat 15 0 187.00 114.00 210.00 195.00
boat 19 0 171.00 107.00 206.00 223.00
boat 20 0 137.00 105.00 171.00 213.00
boat -1 0 43.00 224.00 71.00 234.00
boat -1 0 4.00 231.00 29.00 244.00
boat 19 1 56.00 42.00 107.00 234.00
boat 19 1 111.00 81.00 148.00 207.00
boat 19 1 129.00 52.00 192.00 246.00
boat 19 1 177.00 110.00 207.00 196.00
boat 19 1 226.00 70.00 259.00 212.00
boat 19 1 256.00 117.00 271.00 189.00
boat 19 1 262.00 112.00 287.00 201.00
boat 20 1 291.00 114.00 314.00 195.00
boat 19 1 295.00 107.00 330.00 223.00
boat 19 1 330.00 105.00 364.00 213.00
boat -1 1 430.00 224.00 458.00 234.00
boat -1 1 472.00 231.00 497.00 244.00
