diningtable 45 0 119.00 158.00 382.00 345.00
person 70 0 160.00 99.00 204.00 186.00
person 70 0 200.00 104.00 264.00 205.00
person 71 0 259.00 102.00 327.00 209.00
person 71 0 304.00 117.00 387.00 219.00
person 57 0 362.00 131.00 415.00 222.00
person 98 0 288.00 145.00 490.00 375.00
person 49 0 1.00 96.00 71.00 269.00
person 98 0 39.00 86.00 137.00 239.00
person 98 0 79.00 121.00 297.00 372.00
chair 68 0 1.00 215.00 72.00 373.00
chair -1 0 97.00 250.00 198.00 375.00
chair -1 0 26.00 232.00 82.00 374.00
diningtable 45 1 119.00 158.00 382.00 345.00
person 70 1 297.00 99.00 341.00 186.00
person 70 1 237.00 104.00 301.00 205.00
person 57 1 174.00 102.00 242.00 209.00
person 71 1 114.00 117.00 197.00 219.00
person 57 1 86.00 131.00 139.00 222.00
person 98 1 11.00 145.00 213.00 375.00
person 98 1 430.00 96.00 500.00 269.00
person 98 1 364.00 86.00 462.00 239.00
person 98 1 204.00 121.00 422.00 372.00
chair 89 1 429.00 215.00 500.00 373.00
chair -1 1 303.00 250.00 404.00 375.00
chair -1 1 419.00 232.00 475.00 374.00
