bicycle 34 0 75.00 147.00 134.00 220.00
bicycle 34 0 191.00 147.00 213.00 188.00
person 71 0 77.00 96.00 132.00 210.00
person 49 0 144.00 111.00 175.00 188.00
person 57 0 182.00 123.00 215.00 186.00
bicycle -1 0 146.00 145.00 171.00 186.00
person -1 0 259.00 139.00 270.00 171.00
person -1 0 244.00 139.00 259.00 170.00
person -1 0 213.00 135.00 227.00 154.00
person -1 0 290.00 147.00 302.00 167.00
person -1 0 276.00 144.00 288.00 167.00
person -1 0 300.00 146.00 311.00 170.00
bicycle 35 1 367.00 147.00 426.00 220.00
bicycle 46 1 288.00 147.00 310.00 188.00
person 49 1 369.00 96.00 424.00 210.00
person 49 1 326.00 111.00 357.00 188.00
person 57 1 286.00 123.00 319.00 186.00
bicycle -1 1 330.00 145.00 355.00 186.00
person -1 1 231.00 139.00 242.00 171.00
person -1 1 242.00 139.00 257.00 170.00
person -1 1 274.00 135.00 288.00 154.00
person -1 1 199.00 147.00 211.00 167.00
person -1 1 213.00 144.00 225.00 167.00
person -1 1 190.00 146.00 201.00 170.00
