chair -1 0 223.00 175.00 277.00 199.00
chair 89 0 158.00 186.00 235.00 311.00
chair -1 0 331.00 177.00 387.00 291.00
chair 51 0 340.00 199.00 412.00 313.00
chair 68 0 246.00 222.00 360.00 375.00
chair 89 0 142.00 214.00 256.00 361.00
pottedplant 23 0 86.00 181.00 134.00 218.00
pottedplant 7 0 49.00 96.00 96.00 243.00
chair -1 1 224.00 175.00 278.00 199.00
chair 89 1 266.00 186.00 343.00 311.00
chair -1 1 114.00 177.00 170.00 291.00
chair 50 1 89.00 199.00 161.00 313.00
chair 68 1 141.00 222.00 255.00 375.00
chair 89 1 245.00 214.00 359.00 361.00
pottedplant 23 1 367.00 181.00 415.00 218.00
pottedplant 55 1 405.00 96.00 452.00 243.00
