bus 93 0 100.00 289.00 499.00 357.00
car -1 0 466.00 344.00 500.00 375.00
car -1 0 446.00 341.00 475.00 356.00
car 66 0 298.00 339.00 475.00 375.00
car 66 0 263.00 309.00 442.00 372.00
car -1 0 210.00 344.00 277.00 375.00
car 66 0 58.00 345.00 231.00 375.00
car -1 0 185.00 347.00 207.00 365.00
car -1 0 6.00 350.00 99.00 375.00
car -1 0 1.00 346.00 33.00 375.00
person -1 0 143.00 320.00 162.00 338.00
bus 6 1 2.00 289.00 401.00 357.00
car -1 1 1.00 344.00 35.00 375.00
car -1 1 26.00 341.00 55.00 356.00
car 66 1 26.00 339.00 203.00 375.00
car 66 1 59.00 309.00 238.00 372.00
car -1 1 224.00 344.00 291.00 375.00
car 66 1 270.00 345.00 443.00 375.00
car -1 1 294.00 347.00 316.00 365.00
car -1 1 402.00 350.00 495.00 375.00
car -1 1 468.00 346.00 500.00 375.00
person -1 1 339.00 320.00 358.00 338.00
