cow -1 0 1.00 155.00 79.00 271.00
cow -1 0 102.00 152.00 181.00 244.00
cow -1 0 74.00 136.00 196.00 271.00
cow 74 0 196.00 147.00 376.00 307.00
cow -1 0 312.00 149.00 483.00 268.00
person 57 0 386.00 106.00 436.00 284.00
person -1 0 489.00 118.00 500.00 216.00
cow -1 1 422.00 155.00 500.00 271.00
cow -1 1 320.00 152.00 399.00 244.00
cow -1 1 305.00 136.00 427.00 271.00
cow 73 1 125.00 147.00 305.00 307.00
cow -1 1 18.00 149.00 189.00 268.00
person 57 1 65.00 106.00 115.00 284.00
person -1 1 1.00 118.00 12.00 216.00
