motorbike 28 0 242.00 244.00 372.00 326.00
boat 19 0 364.00 45.00 401.00 61.00
motorbike 63 0 111.00 168.00 169.00 211.00
person 98 0 202.00 317.00 252.00 375.00
person 110 0 259.00 213.00 321.00 298.00
person -1 0 128.00 151.00 164.00 200.00
person 49 0 71.00 110.00 86.00 161.00
person -1 0 330.00 75.00 341.00 100.00
person -1 0 349.00 73.00 358.00 99.00
person -1 0 356.00 76.00 365.00 98.00
motorbike 62 1 129.00 244.00 259.00 326.00
boat 20 1 100.00 45.00 137.00 61.00
motorbike 62 1 332.00 168.00 390.00 211.00
person 98 1 249.00 317.00 299.00 375.00
person 49 1 180.00 213.00 242.00 298.00
person -1 1 337.00 151.00 373.00 200.00
person 110 1 415.00 110.00 430.00 161.00
person -1 1 160.00 75.00 171.00 100.00
person -1 1 143.00 73.00 152.00 99.00
person -1 1 136.00 76.00 145.00 98.00
