horse 85 0 115.00 15.00 328.00 375.00
horse -1 0 254.00 177.00 291.00 221.00
person 49 0 364.00 171.00 387.00 252.00
person 98 0 344.00 169.00 371.00 227.00
person 49 0 298.00 175.00 334.00 349.00
person 49 0 222.00 205.00 252.00 284.00
person 57 0 8.00 146.00 68.00 333.00
horse 92 1 173.00 15.00 386.00 375.00
horse -1 1 210.00 177.00 247.00 221.00
person 110 1 114.00 171.00 137.00 252.00
person 98 1 130.00 169.00 157.00 227.00
person 49 1 167.00 175.00 203.00 349.00
person 57 1 249.00 205.00 279.00 284.00
person 49 1 433.00 146.00 493.00 333.00
