sofa -1 0 133.00 62.00 479.00 273.00
bottle 1 0 425.00 151.00 441.00 202.00
person 70 0 358.00 36.00 446.00 104.00
person 98 0 320.00 46.00 449.00 142.00
person 71 0 266.00 70.00 411.00 261.00
person 98 0 157.00 62.00 358.00 273.00
person 98 0 187.00 139.00 378.00 369.00
person 71 0 65.00 176.00 231.00 375.00
bottle 10 0 163.00 266.00 186.00 322.00
bottle -1 0 282.00 275.00 293.00 295.00
sofa -1 1 22.00 62.00 368.00 273.00
bottle 1 1 60.00 151.00 76.00 202.00
person 71 1 55.00 36.00 143.00 104.00
person 98 1 52.00 46.00 181.00 142.00
person 98 1 90.00 70.00 235.00 261.00
person 70 1 143.00 62.00 344.00 273.00
person 98 1 123.00 139.00 314.00 369.00
person 98 1 270.00 176.00 436.00 375.00
bottle 82 1 315.00 266.00 338.00 322.00
bottle -1 1 208.00 275.00 219.00 295.00
