person 70 0 2.00 89.00 398.00 375.00
person 49 0 139.00 93.00 264.00 375.00
person 57 0 130.00 54.00 295.00 287.00
person 70 0 264.00 66.00 436.00 225.00
person 98 0 259.00 65.00 451.00 375.00
person -1 0 455.00 170.00 500.00 375.00
bottle 25 0 63.00 193.00 91.00 298.00
bottle 25 0 218.00 293.00 242.00 363.00
bottle 25 0 396.00 85.00 419.00 145.00
bottle 36 0 146.00 36.00 178.00 89.00
bottle 1 0 233.00 135.00 252.00 182.00
bottle 1 0 263.00 220.00 300.00 287.00
bottle -1 0 18.00 303.00 57.00 346.00
person 71 1 103.00 89.00 499.00 375.00
person 110 1 237.00 93.00 362.00 375.00
person 57 1 206.00 54.00 371.00 287.00
person 71 1 65.00 66.00 237.00 225.00
person 98 1 50.00 65.00 242.00 375.00
person -1 1 1.00 170.00 46.00 375.00
bottle 25 1 410.00 193.00 438.00 298.00
bottle 82 1 259.00 293.00 283.00 363.00
bottle 25 1 82.00 85.00 105.00 145.00
bottle 10 1 323.00 36.00 355.00 89.00
bottle 1 1 249.00 135.00 268.00 182.00
bottle 13 1 201.00 220.00 238.00 287.00
bottle -1 1 444.00 303.00 483.00 346.00
