car 52 0 24.00 277.00 312.00 430.00
car 41 0 1.00 243.00 50.00 285.00
car -1 0 1.00 205.00 13.00 215.00
car -1 0 9.00 203.00 29.00 212.00
car -1 0 24.00 203.00 40.00 210.00
car 94 0 91.00 197.00 143.00 218.00
car 83 0 125.00 197.00 184.00 215.00
car -1 0 170.00 191.00 193.00 202.00
car 94 0 181.00 196.00 235.00 215.00
car 83 0 221.00 194.00 263.00 216.00
car 41 0 244.00 196.00 296.00 217.00
car 83 0 287.00 186.00 333.00 219.00
car -1 0 317.00 203.00 333.00 221.00
car 94 1 22.00 277.00 310.00 430.00
car 41 1 284.00 243.00 333.00 285.00
car -1 1 321.00 205.00 333.00 215.00
car -1 1 305.00 203.00 325.00 212.00
car -1 1 294.00 203.00 310.00 210.00
car 52 1 191.00 197.00 243.00 218.00
car 52 1 150.00 197.00 209.00 215.00
car -1 1 141.00 191.00 164.00 202.00
car 52 1 99.00 196.00 153.00 215.00
car 83 1 71.00 194.00 113.00 216.00
car 52 1 38.00 196.00 90.00 217.00
car 52 1 1.00 186.00 47.00 219.00
car -1 1 1.00 203.00 17.00 221.00
