person 70 0 217.00 2.00 500.00 375.00
person 57 0 1.00 32.00 229.00 375.00
bottle -1 0 103.00 82.00 111.00 97.00
bottle -1 0 108.00 81.00 121.00 143.00
bottle 25 0 115.00 78.00 132.00 148.00
bottle 82 0 130.00 73.00 150.00 149.00
bottle 1 0 147.00 71.00 171.00 149.00
person 71 1 1.00 2.00 284.00 375.00
person 98 1 272.00 32.00 500.00 375.00
bottle -1 1 390.00 82.00 398.00 97.00
bottle -1 1 380.00 81.00 393.00 143.00
bottle 13 1 369.00 78.00 386.00 148.00
bottle 82 1 351.00 73.00 371.00 149.00
bottle 1 1 330.00 71.00 354.00 149.00
