bird 56 0 2.00 192.00 114.00 335.00
bird 56 0 29.00 228.00 122.00 335.00
bird 48 0 184.00 123.00 285.00 215.00
bird -1 0 284.00 258.00 388.00 310.00
bird -1 0 352.00 212.00 405.00 282.00
person 98 0 61.00 16.00 436.00 335.00
person 49 0 5.00 130.00 81.00 335.00
bird 40 1 387.00 192.00 499.00 335.00
bird 40 1 379.00 228.00 472.00 335.00
bird 33 1 216.00 123.00 317.00 215.00
bird -1 1 113.00 258.00 217.00 310.00
bird -1 1 96.00 212.00 149.00 282.00
person 57 1 65.00 16.00 440.00 335.00
person 49 1 420.00 130.00 496.00 335.00
