diningtable 65 0 157.00 261.00 462.00 375.00
chair -1 0 104.00 275.00 165.00 375.00
chair -1 0 358.00 298.00 472.00 375.00
chair -1 0 464.00 281.00 500.00 375.00
chair 68 0 367.00 226.00 465.00 365.00
chair -1 0 220.00 221.00 279.00 284.00
chair -1 0 148.00 227.00 258.00 375.00
chair 50 0 47.00 177.00 136.00 273.00
sofa 90 0 146.00 181.00 276.00 257.00
diningtable 65 1 39.00 261.00 344.00 375.00
chair -1 1 336.00 275.00 397.00 375.00
chair -1 1 29.00 298.00 143.00 375.00
chair -1 1 1.00 281.00 37.00 375.00
chair 11 1 36.00 226.00 134.00 365.00
chair -1 1 222.00 221.00 281.00 284.00
chair -1 1 243.00 227.00 353.00 375.00
chair 107 1 365.00 177.00 454.00 273.00
sofa 101 1 225.00 181.00 355.00 257.00
