sheep 32 0 227.00 55.00 500.00 324.00
sheep 119 0 82.00 56.00 245.00 257.00
bottle 36 0 76.00 42.00 129.00 151.00
person -1 0 431.00 1.00 484.00 62.00
person -1 0 311.00 1.00 427.00 71.00
person 71 0 114.00 1.00 240.00 59.00
person 110 0 1.00 1.00 132.00 329.00
sheep 108 1 1.00 55.00 274.00 324.00
sheep 108 1 256.00 56.00 419.00 257.00
bottle 10 1 372.00 42.00 425.00 151.00
person -1 1 17.00 1.00 70.00 62.00
person -1 1 74.00 1.00 190.00 71.00
person 70 1 261.00 1.00 387.00 59.00
person 49 1 369.00 1.00 500.00 329.00
