diningtable 21 0 2.00 191.00 499.00 374.00
chair 51 0 145.00 247.00 294.00 374.00
chair 51 0 278.00 233.00 390.00 375.00
chair 68 0 368.00 219.00 494.00 371.00
chair -1 0 75.00 191.00 146.00 249.00
chair -1 0 160.00 188.00 219.00 231.00
chair -1 0 219.00 177.00 263.00 224.00
chair -1 0 326.00 174.00 359.00 215.00
chair -1 0 373.00 171.00 403.00 207.00
chair -1 0 411.00 174.00 433.00 199.00
diningtable 100 1 2.00 191.00 499.00 374.00
chair 50 1 207.00 247.00 356.00 374.00
chair 50 1 111.00 233.00 223.00 375.00
chair 11 1 7.00 219.00 133.00 371.00
chair -1 1 355.00 191.00 426.00 249.00
chair -1 1 282.00 188.00 341.00 231.00
chair -1 1 238.00 177.00 282.00 224.00
chair -1 1 142.00 174.00 175.00 215.00
chair -1 1 98.00 171.00 128.00 207.00
chair -1 1 68.00 174.00 90.00 199.00
