car -1 0 2.00 295.00 356.00 500.00
car 83 0 3.00 157.00 357.00 342.00
car 66 0 2.00 110.00 357.00 186.00
car 66 0 34.00 74.00 357.00 133.00
car 66 0 63.00 46.00 338.00 118.00
car 66 0 94.00 24.00 321.00 75.00
car -1 0 105.00 8.00 311.00 53.00
car -1 0 111.00 2.00 289.00 23.00
car -1 1 2.00 295.00 356.00 500.00
car 83 1 1.00 157.00 355.00 342.00
car 66 1 1.00 110.00 356.00 186.00
car 66 1 1.00 74.00 324.00 133.00
car 66 1 20.00 46.00 295.00 118.00
car 66 1 37.00 24.00 264.00 75.00
car -1 1 47.00 8.00 253.00 53.00
car -1 1 69.00 2.00 247.00 23.00
