person 49 0 210.00 161.00 263.00 260.00
person 57 0 304.00 158.00 328.00 263.00
person 49 0 465.00 138.00 500.00 288.00
person 110 0 424.00 162.00 455.00 277.00
person 71 0 396.00 158.00 445.00 283.00
person -1 0 389.00 170.00 408.00 271.00
person -1 0 348.00 167.00 379.00 262.00
person 49 0 278.00 167.00 306.00 262.00
person 110 0 361.00 156.00 386.00 259.00
person 110 0 323.00 164.00 355.00 262.00
person 98 1 238.00 161.00 291.00 260.00
person 49 1 173.00 158.00 197.00 263.00
person 49 1 1.00 138.00 36.00 288.00
person 110 1 46.00 162.00 77.00 277.00
person 98 1 56.00 158.00 105.00 283.00
person -1 1 93.00 170.00 112.00 271.00
person -1 1 122.00 167.00 153.00 262.00
person 49 1 195.00 167.00 223.00 262.00
person 49 1 115.00 156.00 140.00 259.00
person 98 1 146.00 164.00 178.00 262.00
