aeroplane 86 0 28.00 44.00 91.00 113.00
aeroplane 86 0 47.00 151.00 111.00 212.00
aeroplane 86 0 65.00 239.00 127.00 299.00
aeroplane 86 0 189.00 143.00 255.00 205.00
aeroplane 86 0 164.00 29.00 228.00 96.00
aeroplane 86 0 397.00 15.00 462.00 83.00
aeroplane 96 1 410.00 44.00 473.00 113.00
aeroplane 30 1 390.00 151.00 454.00 212.00
aeroplane 96 1 374.00 239.00 436.00 299.00
aeroplane 30 1 246.00 143.00 312.00 205.00
aeroplane 30 1 273.00 29.00 337.00 96.00
aeroplane 30 1 39.00 15.00 104.00 83.00
