diningtable 21 0 93.00 308.00 436.00 374.00
bottle 1 0 68.00 170.00 81.00 199.00
bottle 25 0 260.00 257.00 290.00 353.00
bottle 1 0 299.00 322.00 316.00 375.00
bottle 1 0 274.00 315.00 292.00 375.00
diningtable 58 0 45.00 191.00 153.00 279.00
chair 89 0 89.00 192.00 150.00 286.00
chair 50 0 12.00 197.00 85.00 289.00
chair -1 0 386.00 277.00 494.00 375.00
chair -1 0 132.00 266.00 232.00 330.00
chair -1 0 133.00 178.00 160.00 260.00
chair 107 0 4.00 220.00 35.00 349.00
diningtable 21 1 65.00 308.00 408.00 374.00
bottle 1 1 420.00 170.00 433.00 199.00
bottle 25 1 211.00 257.00 241.00 353.00
bottle 1 1 185.00 322.00 202.00 375.00
bottle 1 1 209.00 315.00 227.00 375.00
diningtable 58 1 348.00 191.00 456.00 279.00
chair 89 1 351.00 192.00 412.00 286.00
chair 89 1 416.00 197.00 489.00 289.00
chair -1 1 7.00 277.00 115.00 375.00
chair -1 1 269.00 266.00 369.00 330.00
chair -1 1 341.00 178.00 368.00 260.00
chair 107 1 466.00 220.00 497.00 349.00
