bottle 1 0 412.00 306.00 456.00 376.00
chair -1 0 449.00 264.00 499.00 375.00
chair -1 0 348.00 240.00 496.00 374.00
chair -1 0 387.00 216.00 475.00 251.00
chair -1 0 363.00 210.00 437.00 247.00
chair -1 0 347.00 205.00 405.00 231.00
person 98 0 128.00 131.00 396.00 376.00
person 98 0 135.00 170.00 160.00 221.00
person 98 0 146.00 165.00 181.00 222.00
bottle 1 1 45.00 306.00 89.00 376.00
chair -1 1 2.00 264.00 52.00 375.00
chair -1 1 5.00 240.00 153.00 374.00
chair -1 1 26.00 216.00 114.00 251.00
chair -1 1 64.00 210.00 138.00 247.00
chair -1 1 96.00 205.00 154.00 231.00
person 71 1 105.00 131.00 373.00 376.00
person 110 1 341.00 170.00 366.00 221.00
person 98 1 320.00 165.00 355.00 222.00
