bird 48 0 1.00 106.00 57.00 168.00
bird -1 0 54.00 179.00 97.00 220.00
bird 48 0 61.00 163.00 138.00 219.00
bird 48 0 102.00 162.00 185.00 237.00
bird 67 0 172.00 154.00 222.00 230.00
bird -1 0 380.00 128.00 404.00 169.00
bird 67 0 344.00 141.00 425.00 201.00
bird 4 1 444.00 106.00 500.00 168.00
bird -1 1 404.00 179.00 447.00 220.00
bird 4 1 363.00 163.00 440.00 219.00
bird 40 1 316.00 162.00 399.00 237.00
bird 67 1 279.00 154.00 329.00 230.00
bird -1 1 97.00 128.00 121.00 169.00
bird 67 1 76.00 141.00 157.00 201.00
