bicycle 35 0 143.00 239.00 324.00 336.00
bicycle 47 0 327.00 142.00 430.00 273.00
bicycle -1 0 463.00 184.00 500.00 266.00
bicycle -1 0 272.00 174.00 299.00 238.00
person 57 0 139.00 89.00 179.00 155.00
person 57 0 121.00 32.00 341.00 336.00
person 57 0 344.00 57.00 433.00 252.00
person -1 0 462.00 106.00 500.00 224.00
bicycle 47 1 177.00 239.00 358.00 336.00
bicycle 46 1 71.00 142.00 174.00 273.00
bicycle -1 1 1.00 184.00 38.00 266.00
bicycle -1 1 202.00 174.00 229.00 238.00
person 49 1 322.00 89.00 362.00 155.00
person 57 1 160.00 32.00 380.00 336.00
person 57 1 68.00 57.00 157.00 252.00
person -1 1 1.00 106.00 39.00 224.00
