bicycle 35 0 414.00 189.00 500.00 288.00
bicycle 47 0 257.00 176.00 371.00 265.00
bicycle 34 0 284.00 179.00 401.00 263.00
bicycle 47 0 160.00 169.00 261.00 257.00
bicycle -1 0 136.00 155.00 221.00 222.00
bicycle 35 0 61.00 137.00 150.00 225.00
bicycle 37 0 2.00 122.00 52.00 188.00
person 98 0 1.00 79.00 50.00 162.00
person 98 0 81.00 94.00 149.00 201.00
person 57 0 150.00 111.00 202.00 190.00
person 71 0 189.00 124.00 259.00 232.00
person 71 0 282.00 133.00 358.00 229.00
person 71 0 319.00 132.00 390.00 235.00
person 49 0 443.00 159.00 500.00 270.00
person -1 0 323.00 24.00 354.00 67.00
person -1 0 285.00 25.00 318.00 63.00
person -1 0 236.00 17.00 272.00 59.00
bicycle 37 1 1.00 189.00 87.00 288.00
bicycle 46 1 130.00 176.00 244.00 265.00
bicycle 17 1 100.00 179.00 217.00 263.00
bicycle 46 1 240.00 169.00 341.00 257.00
bicycle -1 1 280.00 155.00 365.00 222.00
bicycle 46 1 351.00 137.00 440.00 225.00
bicycle 37 1 449.00 122.00 499.00 188.00
person 49 1 451.00 79.00 500.00 162.00
person 98 1 352.00 94.00 420.00 201.00
person 57 1 299.00 111.00 351.00 190.00
person 98 1 242.00 124.00 312.00 232.00
person 71 1 143.00 133.00 219.00 229.00
person 57 1 111.00 132.00 182.00 235.00
person 49 1 1.00 159.00 58.00 270.00
person -1 1 147.00 24.00 178.00 67.00
person -1 1 183.00 25.00 216.00 63.00
person -1 1 229.00 17.00 265.00 59.00
