chair -1 0 242.00 143.00 272.00 153.00
chair -1 0 351.00 138.00 368.00 160.00
chair -1 0 333.00 143.00 358.00 180.00
chair 68 0 268.00 157.00 341.00 242.00
chair -1 0 224.00 160.00 266.00 173.00
diningtable -1 0 160.00 249.00 500.00 374.00
person 98 0 25.00 37.00 236.00 375.00
person 98 0 359.00 75.00 500.00 251.00
chair -1 1 229.00 143.00 259.00 153.00
chair -1 1 133.00 138.00 150.00 160.00
chair -1 1 143.00 143.00 168.00 180.00
chair 68 1 160.00 157.00 233.00 242.00
chair -1 1 235.00 160.00 277.00 173.00
diningtable -1 1 1.00 249.00 341.00 374.00
person 70 1 265.00 37.00 476.00 375.00
person 98 1 1.00 75.00 142.00 251.00
