sheep 108 0 305.00 167.00 375.00 330.00
sheep 119 0 238.00 134.00 284.00 246.00
sheep 119 0 264.00 62.00 291.00 108.00
sheep 59 0 208.00 58.00 230.00 91.00
sheep 53 0 361.00 97.00 476.00 191.00
sheep 119 0 59.00 194.00 242.00 334.00
sheep 108 0 83.00 140.00 250.00 262.00
sheep -1 0 168.00 133.00 228.00 162.00
sheep 32 0 41.00 136.00 142.00 247.00
sheep 59 0 1.00 94.00 100.00 201.00
sheep 53 0 344.00 125.00 454.00 241.00
sheep 53 1 126.00 167.00 196.00 330.00
sheep 119 1 217.00 134.00 263.00 246.00
sheep 32 1 210.00 62.00 237.00 108.00
sheep 59 1 271.00 58.00 293.00 91.00
sheep 119 1 25.00 97.00 140.00 191.00
sheep 32 1 259.00 194.00 442.00 334.00
sheep 108 1 251.00 140.00 418.00 262.00
sheep -1 1 273.00 133.00 333.00 162.00
sheep 119 1 359.00 136.00 460.00 247.00
sheep 53 1 401.00 94.00 500.00 201.00
sheep 59 1 47.00 125.00 157.00 241.00
