diningtable 21 0 219.00 233.00 459.00 360.00
diningtable 58 0 4.00 197.00 182.00 328.00
chair -1 0 87.00 181.00 141.00 207.00
chair -1 0 91.00 209.00 162.00 296.00
chair -1 0 177.00 227.00 258.00 335.00
chair -1 0 277.00 206.00 328.00 266.00
person 110 0 171.00 75.00 245.00 360.00
person 49 0 245.00 87.00 316.00 281.00
diningtable 45 1 22.00 233.00 262.00 360.00
diningtable 58 1 299.00 197.00 477.00 328.00
chair -1 1 340.00 181.00 394.00 207.00
chair -1 1 319.00 209.00 390.00 296.00
chair -1 1 223.00 227.00 304.00 335.00
chair -1 1 153.00 206.00 204.00 266.00
person 110 1 236.00 75.00 310.00 360.00
person 49 1 165.00 87.00 236.00 281.00
