motorbike 79 0 343.00 113.00 463.00 181.00
motorbike 62 0 58.00 134.00 213.00 233.00
person 49 0 128.00 113.00 188.00 234.00
person 49 0 398.00 85.00 445.00 184.00
car 94 0 442.00 65.00 489.00 99.00
car -1 0 393.00 74.00 434.00 99.00
car 83 0 347.00 63.00 408.00 101.00
car 41 0 303.00 67.00 348.00 102.00
car 41 0 263.00 70.00 305.00 101.00
car 83 0 219.00 72.00 263.00 103.00
motorbike -1 0 147.00 84.00 175.00 103.00
car 83 0 104.00 75.00 165.00 105.00
car 41 0 53.00 82.00 108.00 104.00
car 94 0 22.00 81.00 72.00 105.00
car -1 0 1.00 81.00 38.00 106.00
motorbike 64 1 38.00 113.00 158.00 181.00
motorbike 63 1 288.00 134.00 443.00 233.00
person 49 1 313.00 113.00 373.00 234.00
person 49 1 56.00 85.00 103.00 184.00
car 52 1 12.00 65.00 59.00 99.00
car -1 1 67.00 74.00 108.00 99.00
car 83 1 93.00 63.00 154.00 101.00
car 41 1 153.00 67.00 198.00 102.00
car 41 1 196.00 70.00 238.00 101.00
car 41 1 238.00 72.00 282.00 103.00
motorbike -1 1 326.00 84.00 354.00 103.00
car 83 1 336.00 75.00 397.00 105.00
car 52 1 393.00 82.00 448.00 104.00
car 83 1 429.00 81.00 479.00 105.00
car -1 1 463.00 81.00 500.00 106.00
