horse 99 0 121.00 155.00 365.00 332.00
person 49 0 207.00 58.00 265.00 231.00
person 110 0 43.00 19.00 105.00 194.00
person 110 0 8.00 1.00 59.00 112.00
person 71 0 175.00 1.00 244.00 75.00
person 110 0 256.00 9.00 305.00 160.00
person -1 0 299.00 71.00 373.00 182.00
person 110 0 304.00 36.00 356.00 128.00
person 98 0 343.00 34.00 375.00 91.00
person 110 0 359.00 64.00 421.00 181.00
person 110 0 390.00 32.00 451.00 139.00
person 110 0 427.00 38.00 489.00 136.00
horse 99 1 136.00 155.00 380.00 332.00
person 49 1 236.00 58.00 294.00 231.00
person 110 1 396.00 19.00 458.00 194.00
person 110 1 442.00 1.00 493.00 112.00
person 57 1 257.00 1.00 326.00 75.00
person 110 1 196.00 9.00 245.00 160.00
person -1 1 128.00 71.00 202.00 182.00
person 110 1 145.00 36.00 197.00 128.00
person 49 1 126.00 34.00 158.00 91.00
person 110 1 80.00 64.00 142.00 181.00
person 110 1 50.00 32.00 111.00 139.00
person 110 1 12.00 38.00 74.00 136.00
