diningtable 12 0 1.00 178.00 493.00 375.00
diningtable -1 0 453.00 84.00 500.00 143.00
diningtable 100 0 74.00 106.00 295.00 177.00
chair -1 0 270.00 326.00 450.00 375.00
chair -1 0 460.00 160.00 500.00 259.00
chair -1 0 327.00 145.00 410.00 185.00
chair -1 0 194.00 145.00 270.00 185.00
chair -1 0 40.00 156.00 120.00 207.00
chair -1 0 7.00 123.00 42.00 209.00
chair -1 0 6.00 108.00 29.00 121.00
chair -1 0 51.00 99.00 86.00 156.00
chair -1 0 72.00 128.00 141.00 175.00
chair -1 0 189.00 130.00 254.00 178.00
chair -1 0 296.00 114.00 338.00 176.00
chair -1 0 337.00 104.00 355.00 148.00
chair -1 0 302.00 96.00 337.00 117.00
chair -1 0 238.00 92.00 270.00 112.00
chair -1 0 128.00 94.00 171.00 108.00
chair -1 0 389.00 89.00 433.00 184.00
chair -1 0 432.00 96.00 479.00 200.00
chair -1 0 398.00 82.00 417.00 111.00
chair -1 0 431.00 81.00 471.00 96.00
diningtable 12 1 8.00 178.00 500.00 375.00
diningtable -1 1 1.00 84.00 48.00 143.00
diningtable 100 1 206.00 106.00 427.00 177.00
chair -1 1 51.00 326.00 231.00 375.00
chair -1 1 1.00 160.00 41.00 259.00
chair -1 1 91.00 145.00 174.00 185.00
chair -1 1 231.00 145.00 307.00 185.00
chair -1 1 381.00 156.00 461.00 207.00
chair -1 1 459.00 123.00 494.00 209.00
chair -1 1 472.00 108.00 495.00 121.00
chair -1 1 415.00 99.00 450.00 156.00
chair -1 1 360.00 128.00 429.00 175.00
chair -1 1 247.00 130.00 312.00 178.00
chair -1 1 163.00 114.00 205.00 176.00
chair -1 1 146.00 104.00 164.00 148.00
chair -1 1 164.00 96.00 199.00 117.00
chair -1 1 231.00 92.00 263.00 112.00
chair -1 1 330.00 94.00 373.00 108.00
chair -1 1 68.00 89.00 112.00 184.00
chair -1 1 22.00 96.00 69.00 200.00
chair -1 1 84.00 82.00 103.00 111.00
chair -1 1 30.00 81.00 70.00 96.00
