bus 6 0 1.00 1.00 334.00 256.00
car -1 0 356.00 138.00 389.00 163.00
person 49 0 460.00 125.00 500.00 269.00
person 70 0 419.00 134.00 464.00 239.00
person 49 0 382.00 130.00 421.00 237.00
person 49 0 337.00 145.00 359.00 213.00
person 98 0 301.00 137.00 329.00 214.00
bus 31 1 167.00 1.00 500.00 256.00
car -1 1 112.00 138.00 145.00 163.00
person 110 1 1.00 125.00 41.00 269.00
person 49 1 37.00 134.00 82.00 239.00
person 49 1 80.00 130.00 119.00 237.00
person 110 1 142.00 145.00 164.00 213.00
person 98 1 172.00 137.00 200.00 214.00
