chair 11 0 394.00 259.00 454.00 340.00
chair 68 0 298.00 257.00 361.00 347.00
chair -1 0 331.00 233.00 380.00 265.00
chair 68 0 145.00 235.00 187.00 291.00
chair 11 0 218.00 240.00 268.00 304.00
chair 107 0 263.00 229.00 294.00 290.00
bicycle 35 0 385.00 213.00 426.00 239.00
bicycle 34 0 246.00 212.00 310.00 252.00
chair -1 0 8.00 236.00 43.00 280.00
chair -1 0 136.00 220.00 162.00 258.00
chair 107 0 160.00 213.00 183.00 253.00
chair -1 0 122.00 212.00 142.00 248.00
chair 68 1 47.00 259.00 107.00 340.00
chair 11 1 140.00 257.00 203.00 347.00
chair -1 1 121.00 233.00 170.00 265.00
chair 11 1 314.00 235.00 356.00 291.00
chair 68 1 233.00 240.00 283.00 304.00
chair 107 1 207.00 229.00 238.00 290.00
bicycle 34 1 75.00 213.00 116.00 239.00
bicycle 35 1 191.00 212.00 255.00 252.00
chair -1 1 458.00 236.00 493.00 280.00
chair -1 1 339.00 220.00 365.00 258.00
chair 107 1 318.00 213.00 341.00 253.00
chair -1 1 359.00 212.00 379.00 248.00
