motorbike 28 0 221.00 112.00 330.00 328.00
motorbike 62 0 328.00 129.00 371.00 227.00
motorbike -1 0 355.00 152.00 457.00 267.00
person 49 0 457.00 121.00 498.00 225.00
person 57 0 43.00 128.00 178.00 358.00
person 49 0 145.00 84.00 203.00 275.00
person 49 0 341.00 54.00 447.00 361.00
person 49 0 198.00 80.00 247.00 270.00
person 49 0 217.00 91.00 320.00 294.00
motorbike 28 1 171.00 112.00 280.00 328.00
motorbike 28 1 130.00 129.00 173.00 227.00
motorbike -1 1 44.00 152.00 146.00 267.00
person 49 1 3.00 121.00 44.00 225.00
person 57 1 323.00 128.00 458.00 358.00
person 49 1 298.00 84.00 356.00 275.00
person 57 1 54.00 54.00 160.00 361.00
person 49 1 254.00 80.00 303.00 270.00
person 57 1 181.00 91.00 284.00 294.00
