motorbike 81 0 170.00 116.00 275.00 208.00
motorbike 63 0 400.00 127.00 472.00 226.00
bicycle 35 0 39.00 104.00 141.00 168.00
person 110 0 290.00 135.00 341.00 275.00
person 49 0 325.00 125.00 380.00 273.00
motorbike 64 0 282.00 167.00 389.00 286.00
chair 11 0 348.00 145.00 425.00 244.00
person 49 0 1.00 92.00 70.00 320.00
motorbike 79 1 226.00 116.00 331.00 208.00
motorbike 28 1 29.00 127.00 101.00 226.00
bicycle 34 1 360.00 104.00 462.00 168.00
person 110 1 160.00 135.00 211.00 275.00
person 49 1 121.00 125.00 176.00 273.00
motorbike 79 1 112.00 167.00 219.00 286.00
chair 11 1 76.00 145.00 153.00 244.00
person 49 1 431.00 92.00 500.00 320.00
