bird 67 0 92.00 333.00 170.00 372.00
bird 67 0 93.00 374.00 169.00 410.00
bird 67 0 289.00 369.00 365.00 408.00
bird 40 0 291.00 325.00 367.00 368.00
bird -1 0 252.00 278.00 277.00 319.00
bird 40 0 357.00 153.00 412.00 181.00
bird 4 0 350.00 108.00 388.00 145.00
bird 48 0 397.00 50.00 452.00 84.00
bird 4 0 377.00 32.00 407.00 81.00
bird 48 0 240.00 83.00 291.00 113.00
bird 40 0 61.00 56.00 122.00 96.00
bird -1 0 22.00 117.00 57.00 141.00
bird 67 1 331.00 333.00 409.00 372.00
bird 67 1 332.00 374.00 408.00 410.00
bird 67 1 136.00 369.00 212.00 408.00
bird 48 1 134.00 325.00 210.00 368.00
bird -1 1 224.00 278.00 249.00 319.00
bird 48 1 89.00 153.00 144.00 181.00
bird 4 1 113.00 108.00 151.00 145.00
bird 40 1 49.00 50.00 104.00 84.00
bird 4 1 94.00 32.00 124.00 81.00
bird 40 1 210.00 83.00 261.00 113.00
bird 48 1 379.00 56.00 440.00 96.00
bird -1 1 444.00 117.00 479.00 141.00
