bottle 36 0 283.00 196.00 306.00 285.00
bottle 25 0 250.00 195.00 273.00 279.00
bottle 36 0 266.00 169.00 284.00 233.00
person 70 0 258.00 93.00 360.00 196.00
person 71 0 327.00 49.00 499.00 333.00
person 98 0 149.00 92.00 250.00 267.00
person 98 0 7.00 77.00 169.00 307.00
bottle 36 1 195.00 196.00 218.00 285.00
bottle 10 1 228.00 195.00 251.00 279.00
bottle 36 1 217.00 169.00 235.00 233.00
person 70 1 141.00 93.00 243.00 196.00
person 71 1 2.00 49.00 174.00 333.00
person 70 1 251.00 92.00 352.00 267.00
person 70 1 332.00 77.00 494.00 307.00
