car 94 0 162.00 178.00 354.00 270.00
car 41 0 309.00 124.00 386.00 195.00
car 106 0 2.00 146.00 161.00 207.00
car -1 0 133.00 62.00 223.00 108.00
car 94 0 231.00 51.00 315.00 89.00
car 52 0 329.00 73.00 424.00 119.00
person 57 0 230.00 111.00 248.00 166.00
person 98 0 441.00 84.00 461.00 132.00
person 70 0 469.00 85.00 489.00 122.00
person 98 0 425.00 185.00 461.00 246.00
person 57 0 450.00 188.00 491.00 255.00
person -1 0 189.00 101.00 203.00 153.00
person -1 0 174.00 103.00 190.00 146.00
car 106 1 147.00 178.00 339.00 270.00
car 41 1 115.00 124.00 192.00 195.00
car 94 1 340.00 146.00 499.00 207.00
car -1 1 278.00 62.00 368.00 108.00
car 94 1 186.00 51.00 270.00 89.00
car 66 1 77.00 73.00 172.00 119.00
person 98 1 253.00 111.00 271.00 166.00
person 71 1 40.00 84.00 60.00 132.00
person 70 1 12.00 85.00 32.00 122.00
person 71 1 40.00 185.00 76.00 246.00
person 49 1 10.00 188.00 51.00 255.00
person -1 1 298.00 101.00 312.00 153.00
person -1 1 311.00 103.00 327.00 146.00
