bottle 1 0 288.00 3.00 323.00 58.00
bottle 25 0 323.00 2.00 355.00 128.00
bottle 1 0 254.00 2.00 288.00 55.00
bottle 82 0 217.00 1.00 249.00 56.00
bottle 1 0 183.00 1.00 218.00 124.00
bottle 25 0 147.00 3.00 182.00 124.00
bottle 25 0 111.00 2.00 146.00 126.00
bottle 82 0 75.00 3.00 110.00 123.00
bottle 25 0 36.00 1.00 72.00 122.00
bottle 25 0 5.00 2.00 38.00 122.00
bottle 1 1 178.00 3.00 213.00 58.00
bottle 25 1 146.00 2.00 178.00 128.00
bottle 1 1 213.00 2.00 247.00 55.00
bottle 1 1 252.00 1.00 284.00 56.00
bottle 25 1 283.00 1.00 318.00 124.00
bottle 25 1 319.00 3.00 354.00 124.00
bottle 25 1 355.00 2.00 390.00 126.00
bottle 82 1 391.00 3.00 426.00 123.00
bottle 25 1 429.00 1.00 465.00 122.00
bottle 10 1 463.00 2.00 496.00 122.00
