diningtable 21 0 2.00 241.00 500.00 375.00
pottedplant 23 0 157.00 104.00 389.00 300.00
person 110 0 348.00 1.00 440.00 272.00
person 49 0 331.00 8.00 376.00 246.00
person 70 0 236.00 40.00 314.00 124.00
person 71 0 161.00 46.00 226.00 118.00
person 110 0 5.00 1.00 120.00 280.00
bottle 10 0 71.00 269.00 107.00 337.00
diningtable 21 1 1.00 241.00 499.00 375.00
pottedplant 23 1 112.00 104.00 344.00 300.00
person 110 1 61.00 1.00 153.00 272.00
person 110 1 125.00 8.00 170.00 246.00
person 71 1 187.00 40.00 265.00 124.00
person 71 1 275.00 46.00 340.00 118.00
person 110 1 381.00 1.00 496.00 280.00
bottle 10 1 394.00 269.00 430.00 337.00
