car 83 0 28.00 372.00 60.00 404.00
car 66 0 237.00 377.00 316.00 425.00
car 83 0 284.00 390.00 355.00 428.00
car 83 0 313.00 390.00 443.00 431.00
car 83 0 210.00 389.00 240.00 416.00
car 94 0 182.00 380.00 233.00 417.00
car -1 0 157.00 384.00 191.00 414.00
car 94 0 133.00 382.00 177.00 411.00
car 83 0 108.00 381.00 149.00 408.00
car -1 0 79.00 382.00 111.00 405.00
car -1 0 73.00 382.00 87.00 404.00
car -1 0 60.00 379.00 83.00 404.00
car 41 1 441.00 372.00 473.00 404.00
car 106 1 185.00 377.00 264.00 425.00
car 83 1 146.00 390.00 217.00 428.00
car 83 1 58.00 390.00 188.00 431.00
car 52 1 261.00 389.00 291.00 416.00
car 106 1 268.00 380.00 319.00 417.00
car -1 1 310.00 384.00 344.00 414.00
car 83 1 324.00 382.00 368.00 411.00
car 83 1 352.00 381.00 393.00 408.00
car -1 1 390.00 382.00 422.00 405.00
car -1 1 414.00 382.00 428.00 404.00
car -1 1 418.00 379.00 441.00 404.00
