dog 38 0 187.00 89.00 333.00 306.00
dog 39 0 350.00 34.00 426.00 113.00
dog -1 0 436.00 62.00 500.00 146.00
dog -1 0 411.00 15.00 468.00 78.00
person 70 0 292.00 1.00 358.00 136.00
person -1 0 269.00 1.00 295.00 104.00
person 70 0 185.00 1.00 283.00 138.00
person 98 0 1.00 1.00 116.00 329.00
person -1 0 70.00 1.00 112.00 101.00
person -1 0 113.00 1.00 164.00 66.00
dog -1 0 38.00 31.00 73.00 94.00
dog 54 1 168.00 89.00 314.00 306.00
dog 38 1 75.00 34.00 151.00 113.00
dog -1 1 1.00 62.00 65.00 146.00
dog -1 1 33.00 15.00 90.00 78.00
person 71 1 143.00 1.00 209.00 136.00
person -1 1 206.00 1.00 232.00 104.00
person 71 1 218.00 1.00 316.00 138.00
person 49 1 385.00 1.00 500.00 329.00
person -1 1 389.00 1.00 431.00 101.00
person -1 1 337.00 1.00 388.00 66.00
dog -1 1 428.00 31.00 463.00 94.00
