tvmonitor 42 0 294.00 109.00 341.00 142.00
chair 68 0 340.00 163.00 482.00 311.00
chair 68 0 190.00 188.00 274.00 344.00
chair 68 0 124.00 190.00 192.00 347.00
chair 68 0 54.00 206.00 132.00 372.00
chair -1 0 57.00 177.00 118.00 222.00
chair -1 0 185.00 171.00 221.00 217.00
diningtable 21 0 2.00 201.00 225.00 311.00
tvmonitor 42 1 160.00 109.00 207.00 142.00
chair 11 1 19.00 163.00 161.00 311.00
chair 68 1 227.00 188.00 311.00 344.00
chair 68 1 309.00 190.00 377.00 347.00
chair 68 1 369.00 206.00 447.00 372.00
chair -1 1 383.00 177.00 444.00 222.00
chair -1 1 280.00 171.00 316.00 217.00
diningtable 21 1 276.00 201.00 499.00 311.00
