diningtable -1 0 479.00 195.00 500.00 317.00
diningtable 21 0 2.00 97.00 315.00 234.00
bottle -1 0 213.00 51.00 233.00 106.00
bottle -1 0 171.00 68.00 192.00 137.00
bottle -1 0 184.00 64.00 204.00 135.00
bottle 1 0 40.00 100.00 67.00 181.00
bottle 82 0 19.00 99.00 38.00 174.00
bottle -1 0 55.00 93.00 82.00 156.00
chair -1 0 312.00 93.00 348.00 148.00
chair -1 0 285.00 110.00 334.00 177.00
chair -1 0 224.00 127.00 273.00 267.00
chair -1 0 164.00 148.00 222.00 194.00
chair -1 0 412.00 157.00 433.00 169.00
chair -1 0 440.00 127.00 485.00 227.00
chair -1 0 473.00 104.00 500.00 205.00
chair -1 0 477.00 90.00 500.00 110.00
person 70 0 265.00 46.00 491.00 333.00
person 70 0 4.00 53.00 235.00 331.00
diningtable -1 1 1.00 195.00 22.00 317.00
diningtable 21 1 186.00 97.00 499.00 234.00
bottle -1 1 268.00 51.00 288.00 106.00
bottle -1 1 309.00 68.00 330.00 137.00
bottle -1 1 297.00 64.00 317.00 135.00
bottle 1 1 434.00 100.00 461.00 181.00
bottle 82 1 463.00 99.00 482.00 174.00
bottle -1 1 419.00 93.00 446.00 156.00
chair -1 1 153.00 93.00 189.00 148.00
chair -1 1 167.00 110.00 216.00 177.00
chair -1 1 228.00 127.00 277.00 267.00
chair -1 1 279.00 148.00 337.00 194.00
chair -1 1 68.00 157.00 89.00 169.00
chair -1 1 16.00 127.00 61.00 227.00
chair -1 1 1.00 104.00 28.00 205.00
chair -1 1 1.00 90.00 24.00 110.00
person 70 1 10.00 46.00 236.00 333.00
person 70 1 266.00 53.00 497.00 331.00
