cow -1 0 113.00 173.00 188.00 263.00
cow 74 0 174.00 163.00 278.00 266.00
cow -1 0 33.00 180.00 126.00 307.00
cow 5 0 233.00 181.00 337.00 249.00
cow 73 0 310.00 189.00 423.00 248.00
cow 102 0 242.00 234.00 449.00 375.00
cow -1 0 81.00 153.00 172.00 184.00
cow -1 0 30.00 153.00 82.00 174.00
cow -1 1 313.00 173.00 388.00 263.00
cow 73 1 223.00 163.00 327.00 266.00
cow -1 1 375.00 180.00 468.00 307.00
cow 102 1 164.00 181.00 268.00 249.00
cow 102 1 78.00 189.00 191.00 248.00
cow 61 1 52.00 234.00 259.00 375.00
cow -1 1 329.00 153.00 420.00 184.00
cow -1 1 419.00 153.00 471.00 174.00
