pottedplant 7 0 424.00 170.00 500.00 370.00
pottedplant 72 0 359.00 206.00 421.00 278.00
pottedplant 55 0 294.00 193.00 357.00 283.00
pottedplant 43 0 275.00 258.00 309.00 310.00
pottedplant 23 0 274.00 138.00 415.00 246.00
pottedplant 43 0 2.00 236.00 43.00 375.00
pottedplant 23 0 45.00 260.00 128.00 375.00
pottedplant 55 0 155.00 220.00 222.00 352.00
pottedplant 23 0 151.00 40.00 293.00 308.00
pottedplant 7 1 1.00 170.00 77.00 370.00
pottedplant 23 1 80.00 206.00 142.00 278.00
pottedplant 7 1 144.00 193.00 207.00 283.00
pottedplant 43 1 192.00 258.00 226.00 310.00
pottedplant 23 1 86.00 138.00 227.00 246.00
pottedplant 43 1 458.00 236.00 499.00 375.00
pottedplant 72 1 373.00 260.00 456.00 375.00
pottedplant 55 1 279.00 220.00 346.00 352.00
pottedplant 23 1 208.00 40.00 350.00 308.00
