car 83 0 2.00 50.00 500.00 375.00
person 70 0 270.00 18.00 304.00 64.00
person 70 0 83.00 61.00 143.00 120.00
person -1 0 43.00 68.00 79.00 142.00
person 98 0 207.00 40.00 234.00 91.00
person 71 0 119.00 33.00 147.00 95.00
person 49 0 26.00 63.00 58.00 144.00
car 83 1 1.00 50.00 499.00 375.00
person 70 1 197.00 18.00 231.00 64.00
person 71 1 358.00 61.00 418.00 120.00
person -1 1 422.00 68.00 458.00 142.00
person 70 1 267.00 40.00 294.00 91.00
person 110 1 354.00 33.00 382.00 95.00
person 110 1 443.00 63.00 475.00 144.00
