person 98 0 286.00 1.00 363.00 114.00
person 49 0 373.00 1.00 435.00 113.00
bottle 1 0 327.00 78.00 341.00 116.00
bottle 1 0 157.00 75.00 171.00 118.00
bottle 1 0 120.00 76.00 136.00 120.00
person 98 0 40.00 1.00 100.00 116.00
person -1 0 1.00 38.00 30.00 118.00
chair 68 0 436.00 117.00 500.00 230.00
chair 89 0 344.00 117.00 425.00 229.00
chair 89 0 65.00 120.00 142.00 224.00
chair 11 0 1.00 121.00 64.00 224.00
person 98 0 96.00 64.00 327.00 340.00
person 71 0 257.00 101.00 457.00 375.00
person 57 0 443.00 255.00 500.00 375.00
person 57 0 209.00 253.00 317.00 375.00
person 71 0 92.00 269.00 179.00 375.00
person 71 0 1.00 262.00 93.00 375.00
person -1 0 1.00 242.00 15.00 275.00
person 70 0 115.00 50.00 237.00 117.00
person 98 1 138.00 1.00 215.00 114.00
person 98 1 66.00 1.00 128.00 113.00
bottle 1 1 160.00 78.00 174.00 116.00
bottle 1 1 330.00 75.00 344.00 118.00
bottle 1 1 365.00 76.00 381.00 120.00
person 49 1 401.00 1.00 461.00 116.00
person -1 1 471.00 38.00 500.00 118.00
chair 89 1 1.00 117.00 65.00 230.00
chair 89 1 76.00 117.00 157.00 229.00
chair 89 1 359.00 120.00 436.00 224.00
chair 11 1 437.00 121.00 500.00 224.00
person 98 1 174.00 64.00 405.00 340.00
person 98 1 44.00 101.00 244.00 375.00
person 57 1 1.00 255.00 58.00 375.00
person 98 1 184.00 253.00 292.00 375.00
person 98 1 322.00 269.00 409.00 375.00
person 70 1 408.00 262.00 500.00 375.00
person -1 1 486.00 242.00 500.00 275.00
person 70 1 264.00 50.00 386.00 117.00
