person 98 0 366.00 71.00 497.00 375.00
person 49 0 256.00 69.00 377.00 285.00
person 57 0 139.00 103.00 207.00 253.00
person 57 0 162.00 79.00 272.00 266.00
person 98 0 49.00 178.00 163.00 375.00
person 98 0 110.00 196.00 244.00 375.00
person 70 0 203.00 216.00 393.00 375.00
person 98 1 4.00 71.00 135.00 375.00
person 49 1 124.00 69.00 245.00 285.00
person 57 1 294.00 103.00 362.00 253.00
person 71 1 229.00 79.00 339.00 266.00
person 57 1 338.00 178.00 452.00 375.00
person 71 1 257.00 196.00 391.00 375.00
person 71 1 108.00 216.00 298.00 375.00
