person 49 0 235.00 56.00 265.00 118.00
person -1 0 259.00 65.00 280.00 99.00
bicycle 17 0 245.00 81.00 290.00 107.00
car 52 0 56.00 116.00 470.00 276.00
car 41 0 309.00 89.00 500.00 188.00
car -1 0 394.00 61.00 500.00 109.00
car 66 0 202.00 59.00 293.00 98.00
person 49 1 236.00 56.00 266.00 118.00
person -1 1 221.00 65.00 242.00 99.00
bicycle 35 1 211.00 81.00 256.00 107.00
car 94 1 31.00 116.00 445.00 276.00
car 41 1 1.00 89.00 192.00 188.00
car -1 1 1.00 61.00 107.00 109.00
car 66 1 208.00 59.00 299.00 98.00
