bus 31 0 57.00 149.00 134.00 206.00
car 83 0 180.00 176.00 244.00 213.00
car 41 0 150.00 178.00 188.00 204.00
car -1 0 128.00 171.00 153.00 199.00
car -1 0 19.00 175.00 34.00 185.00
car -1 0 33.00 176.00 39.00 184.00
car -1 0 341.00 177.00 358.00 187.00
bus 75 1 367.00 149.00 444.00 206.00
car 83 1 257.00 176.00 321.00 213.00
car 41 1 313.00 178.00 351.00 204.00
car -1 1 348.00 171.00 373.00 199.00
car -1 1 467.00 175.00 482.00 185.00
car -1 1 462.00 176.00 468.00 184.00
car -1 1 143.00 177.00 160.00 187.00
