sofa -1 0 107.00 72.00 401.00 248.00
sofa -1 0 1.00 113.00 180.00 331.00
diningtable -1 0 280.00 119.00 366.00 226.00
diningtable -1 0 305.00 275.00 500.00 331.00
diningtable -1 0 386.00 199.00 500.00 276.00
diningtable -1 0 447.00 179.00 500.00 203.00
diningtable -1 0 1.00 170.00 93.00 262.00
person 49 0 63.00 89.00 159.00 322.00
chair -1 0 249.00 229.00 337.00 331.00
chair 68 0 341.00 178.00 408.00 308.00
chair -1 0 443.00 133.00 498.00 190.00
chair -1 0 485.00 93.00 500.00 141.00
chair -1 0 357.00 40.00 381.00 72.00
chair -1 0 316.00 31.00 338.00 63.00
chair -1 0 421.00 42.00 446.00 62.00
chair -1 0 362.00 35.00 385.00 60.00
sofa -1 1 100.00 72.00 394.00 248.00
sofa -1 1 321.00 113.00 500.00 331.00
diningtable -1 1 135.00 119.00 221.00 226.00
diningtable -1 1 1.00 275.00 196.00 331.00
diningtable -1 1 1.00 199.00 115.00 276.00
diningtable -1 1 1.00 179.00 54.00 203.00
diningtable -1 1 408.00 170.00 500.00 262.00
person 110 1 342.00 89.00 438.00 322.00
chair -1 1 164.00 229.00 252.00 331.00
chair 89 1 93.00 178.00 160.00 308.00
chair -1 1 3.00 133.00 58.00 190.00
chair -1 1 1.00 93.00 16.00 141.00
chair -1 1 120.00 40.00 144.00 72.00
chair -1 1 163.00 31.00 185.00 63.00
chair -1 1 55.00 42.00 80.00 62.00
chair -1 1 116.00 35.00 139.00 60.00
