bottle 36 0 250.00 280.00 305.00 375.00
bottle 1 0 106.00 238.00 138.00 322.00
bottle 82 0 76.00 275.00 101.00 326.00
diningtable -1 0 1.00 267.00 500.00 375.00
person 57 0 309.00 118.00 479.00 369.00
person 57 0 173.00 121.00 338.00 312.00
person 71 0 50.00 131.00 192.00 291.00
person 49 0 1.00 231.00 49.00 375.00
bottle 36 1 196.00 280.00 251.00 375.00
bottle 1 1 363.00 238.00 395.00 322.00
bottle 82 1 400.00 275.00 425.00 326.00
diningtable -1 1 1.00 267.00 500.00 375.00
person 57 1 22.00 118.00 192.00 369.00
person 70 1 163.00 121.00 328.00 312.00
person 70 1 309.00 131.00 451.00 291.00
person 49 1 452.00 231.00 500.00 375.00
