person 71 0 7.00 108.00 153.00 374.00
person 98 0 107.00 118.00 207.00 305.00
person -1 0 163.00 122.00 224.00 307.00
person 98 0 295.00 151.00 359.00 269.00
person 98 0 334.00 152.00 408.00 279.00
person 98 0 404.00 154.00 485.00 322.00
pottedplant 23 0 258.00 242.00 304.00 310.00
chair 11 0 229.00 167.00 284.00 234.00
pottedplant -1 0 264.00 146.00 285.00 177.00
pottedplant -1 0 237.00 98.00 275.00 174.00
person 57 1 348.00 108.00 494.00 374.00
person 98 1 294.00 118.00 394.00 305.00
person -1 1 277.00 122.00 338.00 307.00
person 71 1 142.00 151.00 206.00 269.00
person 71 1 93.00 152.00 167.00 279.00
person 98 1 16.00 154.00 97.00 322.00
pottedplant 23 1 197.00 242.00 243.00 310.00
chair 11 1 217.00 167.00 272.00 234.00
pottedplant -1 1 216.00 146.00 237.00 177.00
pottedplant -1 1 226.00 98.00 264.00 174.00
