diningtable 12 0 3.00 143.00 500.00 333.00
person 49 0 2.00 42.00 175.00 302.00
person 70 0 134.00 113.00 196.00 192.00
person 57 0 153.00 78.00 217.00 160.00
person 98 0 192.00 91.00 223.00 159.00
person 49 0 180.00 22.00 229.00 141.00
person 70 0 348.00 88.00 450.00 180.00
person 49 0 379.00 18.00 500.00 237.00
diningtable 12 1 1.00 143.00 498.00 333.00
person 98 1 326.00 42.00 499.00 302.00
person 71 1 305.00 113.00 367.00 192.00
person 71 1 284.00 78.00 348.00 160.00
person 49 1 278.00 91.00 309.00 159.00
person 49 1 272.00 22.00 321.00 141.00
person 70 1 51.00 88.00 153.00 180.00
person 98 1 1.00 18.00 122.00 237.00
