diningtable 21 0 80.00 217.00 320.00 273.00
chair 68 0 197.00 193.00 257.00 326.00
chair -1 0 139.00 184.00 185.00 231.00
chair 107 0 258.00 180.00 312.00 314.00
chair 68 0 10.00 195.00 93.00 358.00
chair 11 0 82.00 252.00 243.00 372.00
chair -1 0 43.00 319.00 144.00 375.00
diningtable 21 1 181.00 217.00 421.00 273.00
chair 11 1 244.00 193.00 304.00 326.00
chair -1 1 316.00 184.00 362.00 231.00
chair 107 1 189.00 180.00 243.00 314.00
chair 51 1 408.00 195.00 491.00 358.00
chair 68 1 258.00 252.00 419.00 372.00
chair -1 1 357.00 319.00 458.00 375.00
