person 71 0 166.00 70.00 393.00 214.00
motorbike 81 0 167.00 120.00 468.00 306.00
person 98 0 419.00 129.00 450.00 197.00
person 70 0 385.00 114.00 419.00 162.00
person -1 0 390.00 162.00 416.00 197.00
person 98 0 414.00 104.00 444.00 139.00
person 98 0 67.00 116.00 100.00 178.00
person -1 0 44.00 132.00 68.00 189.00
person 110 0 5.00 111.00 38.00 232.00
person -1 0 134.00 130.00 165.00 182.00
person -1 0 107.00 118.00 139.00 174.00
person 70 0 72.00 184.00 138.00 239.00
person 98 1 108.00 70.00 335.00 214.00
motorbike 64 1 33.00 120.00 334.00 306.00
person 98 1 51.00 129.00 82.00 197.00
person 70 1 82.00 114.00 116.00 162.00
person -1 1 85.00 162.00 111.00 197.00
person 98 1 57.00 104.00 87.00 139.00
person 98 1 401.00 116.00 434.00 178.00
person -1 1 433.00 132.00 457.00 189.00
person 49 1 463.00 111.00 496.00 232.00
person -1 1 336.00 130.00 367.00 182.00
person -1 1 362.00 118.00 394.00 174.00
person 70 1 363.00 184.00 429.00 239.00
