pottedplant 23 0 454.00 243.00 500.00 322.00
pottedplant 7 0 360.00 237.00 395.00 314.00
pottedplant 105 0 62.00 234.00 87.00 306.00
person 57 0 192.00 57.00 274.00 230.00
person 49 0 252.00 130.00 357.00 375.00
person 49 0 303.00 135.00 364.00 361.00
person 49 0 144.00 134.00 203.00 353.00
person 57 0 82.00 135.00 174.00 372.00
person 98 0 47.00 124.00 93.00 195.00
pottedplant 23 1 1.00 243.00 47.00 322.00
pottedplant 7 1 106.00 237.00 141.00 314.00
pottedplant 105 1 414.00 234.00 439.00 306.00
person 57 1 227.00 57.00 309.00 230.00
person 49 1 144.00 130.00 249.00 375.00
person 49 1 137.00 135.00 198.00 361.00
person 49 1 298.00 134.00 357.00 353.00
person 98 1 327.00 135.00 419.00 372.00
person 98 1 408.00 124.00 454.00 195.00
