car 106 0 151.00 118.00 394.00 230.00
person 71 0 91.00 101.00 121.00 156.00
person 71 0 70.00 104.00 101.00 157.00
person -1 0 54.00 92.00 72.00 120.00
person 98 0 32.00 90.00 52.00 116.00
person 98 0 15.00 92.00 35.00 115.00
person 57 0 12.00 103.00 43.00 160.00
person 49 0 34.00 105.00 54.00 158.00
person 70 0 47.00 103.00 80.00 157.00
person -1 0 217.00 132.00 243.00 159.00
person 71 0 26.00 66.00 40.00 85.00
person -1 0 6.00 64.00 23.00 82.00
car 94 1 107.00 118.00 350.00 230.00
person 57 1 380.00 101.00 410.00 156.00
person 71 1 400.00 104.00 431.00 157.00
person -1 1 429.00 92.00 447.00 120.00
person 98 1 449.00 90.00 469.00 116.00
person 70 1 466.00 92.00 486.00 115.00
person 98 1 458.00 103.00 489.00 160.00
person 49 1 447.00 105.00 467.00 158.00
person 70 1 421.00 103.00 454.00 157.00
person -1 1 258.00 132.00 284.00 159.00
person 57 1 461.00 66.00 475.00 85.00
person -1 1 478.00 64.00 495.00 82.00
