sofa 95 0 148.00 153.00 263.00 191.00
chair -1 0 256.00 151.00 303.00 192.00
chair -1 0 121.00 166.00 176.00 196.00
chair -1 0 116.00 178.00 185.00 210.00
chair 89 0 102.00 191.00 212.00 275.00
chair 68 0 72.00 223.00 250.00 355.00
chair 89 0 46.00 268.00 274.00 500.00
sofa 95 1 72.00 153.00 187.00 191.00
chair -1 1 32.00 151.00 79.00 192.00
chair -1 1 159.00 166.00 214.00 196.00
chair -1 1 150.00 178.00 219.00 210.00
chair 89 1 123.00 191.00 233.00 275.00
chair 51 1 85.00 223.00 263.00 355.00
chair 107 1 61.00 268.00 289.00 500.00
