motorbike 63 0 21.00 38.00 461.00 488.00
person 49 0 144.00 28.00 163.00 78.00
person 98 0 236.00 26.00 259.00 83.00
person -1 0 220.00 22.00 239.00 64.00
person 49 0 204.00 23.00 220.00 83.00
person -1 0 79.00 35.00 99.00 81.00
person 49 0 43.00 39.00 61.00 83.00
person 49 0 299.00 24.00 316.00 76.00
person 49 0 324.00 25.00 337.00 74.00
person 110 0 364.00 25.00 384.00 81.00
person 98 0 377.00 21.00 392.00 75.00
person 110 0 396.00 26.00 417.00 84.00
person -1 0 479.00 36.00 490.00 94.00
person -1 0 1.00 34.00 12.00 73.00
motorbike 62 1 40.00 38.00 480.00 488.00
person 49 1 338.00 28.00 357.00 78.00
person 110 1 242.00 26.00 265.00 83.00
person -1 1 262.00 22.00 281.00 64.00
person 49 1 281.00 23.00 297.00 83.00
person -1 1 402.00 35.00 422.00 81.00
person 110 1 440.00 39.00 458.00 83.00
person 49 1 185.00 24.00 202.00 76.00
person 110 1 164.00 25.00 177.00 74.00
person 98 1 117.00 25.00 137.00 81.00
person 49 1 109.00 21.00 124.00 75.00
person 110 1 84.00 26.00 105.00 84.00
person -1 1 11.00 36.00 22.00 94.00
person -1 1 489.00 34.00 500.00 73.00
