person 98 0 30.00 113.00 70.00 212.00
person -1 0 450.00 133.00 472.00 205.00
person 110 0 361.00 144.00 389.00 198.00
person -1 0 341.00 144.00 368.00 197.00
person -1 0 358.00 136.00 374.00 162.00
person -1 0 288.00 142.00 308.00 165.00
person -1 0 214.00 143.00 231.00 164.00
person -1 0 190.00 145.00 219.00 196.00
person -1 0 163.00 140.00 185.00 166.00
person 110 0 139.00 141.00 169.00 197.00
person 49 0 1.00 141.00 30.00 197.00
person 98 1 431.00 113.00 471.00 212.00
person -1 1 29.00 133.00 51.00 205.00
person 110 1 112.00 144.00 140.00 198.00
person -1 1 133.00 144.00 160.00 197.00
person -1 1 127.00 136.00 143.00 162.00
person -1 1 193.00 142.00 213.00 165.00
person -1 1 270.00 143.00 287.00 164.00
person -1 1 282.00 145.00 311.00 196.00
person -1 1 316.00 140.00 338.00 166.00
person 98 1 332.00 141.00 362.00 197.00
person 110 1 471.00 141.00 500.00 197.00
