tvmonitor 103 0 58.00 203.00 145.00 297.00
tvmonitor 111 0 150.00 202.00 253.00 286.00
tvmonitor 103 0 259.00 219.00 369.00 333.00
tvmonitor 104 0 278.00 261.00 328.00 372.00
tvmonitor 114 0 127.00 254.00 217.00 351.00
tvmonitor 111 0 195.00 258.00 278.00 368.00
person 70 0 117.00 39.00 366.00 281.00
tvmonitor 104 1 356.00 203.00 443.00 297.00
tvmonitor 42 1 248.00 202.00 351.00 286.00
tvmonitor 104 1 132.00 219.00 242.00 333.00
tvmonitor 103 1 173.00 261.00 223.00 372.00
tvmonitor 114 1 284.00 254.00 374.00 351.00
tvmonitor 114 1 223.00 258.00 306.00 368.00
person 70 1 135.00 39.00 384.00 281.00
