person 71 0 58.00 69.00 270.00 239.00
person 49 0 389.00 155.00 412.00 212.00
person 57 0 392.00 153.00 459.00 230.00
motorbike 28 0 404.00 186.00 465.00 286.00
person 71 0 29.00 156.00 210.00 374.00
person 70 0 157.00 135.00 438.00 374.00
person 71 0 292.00 153.00 437.00 360.00
motorbike -1 0 250.00 258.00 486.00 374.00
motorbike 28 0 2.00 195.00 62.00 255.00
person 71 1 231.00 69.00 443.00 239.00
person 110 1 89.00 155.00 112.00 212.00
person 57 1 42.00 153.00 109.00 230.00
motorbike 28 1 36.00 186.00 97.00 286.00
person 70 1 291.00 156.00 472.00 374.00
person 70 1 63.00 135.00 344.00 374.00
person 98 1 64.00 153.00 209.00 360.00
motorbike -1 1 15.00 258.00 251.00 374.00
motorbike 28 1 439.00 195.00 499.00 255.00
