car -1 0 1.00 188.00 146.00 330.00
car 106 0 79.00 177.00 266.00 268.00
car 94 0 214.00 167.00 334.00 224.00
car 66 0 268.00 163.00 369.00 213.00
car -1 0 358.00 162.00 399.00 194.00
car -1 0 387.00 161.00 414.00 187.00
car -1 0 404.00 156.00 421.00 178.00
person 110 0 419.00 150.00 452.00 230.00
person 110 0 436.00 140.00 455.00 217.00
person -1 0 152.00 188.00 191.00 219.00
person 70 0 270.00 174.00 290.00 199.00
person -1 0 316.00 168.00 332.00 189.00
car -1 1 355.00 188.00 500.00 330.00
car 66 1 235.00 177.00 422.00 268.00
car 66 1 167.00 167.00 287.00 224.00
car 66 1 132.00 163.00 233.00 213.00
car -1 1 102.00 162.00 143.00 194.00
car -1 1 87.00 161.00 114.00 187.00
car -1 1 80.00 156.00 97.00 178.00
person 49 1 49.00 150.00 82.00 230.00
person 49 1 46.00 140.00 65.00 217.00
person -1 1 310.00 188.00 349.00 219.00
person 71 1 211.00 174.00 231.00 199.00
person -1 1 169.00 168.00 185.00 189.00
