person 110 0 189.00 99.00 237.00 222.00
person 70 0 118.00 187.00 199.00 267.00
person 70 0 92.00 244.00 195.00 333.00
person 71 0 198.00 220.00 357.00 333.00
person 98 0 397.00 61.00 500.00 270.00
chair -1 0 2.00 203.00 82.00 316.00
chair -1 0 1.00 158.00 31.00 207.00
sofa 44 0 189.00 113.00 351.00 240.00
chair -1 0 349.00 196.00 431.00 287.00
tvmonitor -1 0 419.00 91.00 437.00 108.00
person 110 1 264.00 99.00 312.00 222.00
person 71 1 302.00 187.00 383.00 267.00
person 70 1 306.00 244.00 409.00 333.00
person 70 1 144.00 220.00 303.00 333.00
person 57 1 1.00 61.00 104.00 270.00
chair -1 1 419.00 203.00 499.00 316.00
chair -1 1 470.00 158.00 500.00 207.00
sofa 76 1 150.00 113.00 312.00 240.00
chair -1 1 70.00 196.00 152.00 287.00
tvmonitor -1 1 64.00 91.00 82.00 108.00
