person 57 0 312.00 167.00 327.00 214.00
person 70 0 258.00 192.00 284.00 217.00
person 70 0 220.00 193.00 240.00 220.00
person 49 0 193.00 176.00 213.00 220.00
person 110 0 105.00 171.00 126.00 221.00
person 49 0 125.00 178.00 143.00 223.00
person 49 0 86.00 174.00 104.00 226.00
person 49 0 68.00 168.00 89.00 226.00
person 49 0 41.00 175.00 57.00 228.00
person 49 0 28.00 174.00 43.00 236.00
person -1 0 3.00 192.00 15.00 241.00
person -1 0 12.00 195.00 27.00 227.00
person 57 0 264.00 215.00 319.00 298.00
person 57 0 155.00 250.00 190.00 290.00
person 70 0 196.00 365.00 282.00 392.00
person 57 0 95.00 210.00 136.00 270.00
person 57 0 121.00 210.00 151.00 249.00
person 57 0 51.00 237.00 92.00 292.00
person 57 0 70.00 259.00 115.00 339.00
bicycle 34 0 144.00 355.00 208.00 395.00
bicycle -1 0 188.00 296.00 245.00 309.00
bicycle -1 0 76.00 299.00 107.00 366.00
bicycle -1 0 125.00 245.00 144.00 298.00
bicycle -1 0 95.00 247.00 128.00 303.00
bicycle 17 0 256.00 274.00 321.00 309.00
person 98 1 7.00 167.00 22.00 214.00
person 70 1 50.00 192.00 76.00 217.00
person 98 1 94.00 193.00 114.00 220.00
person 49 1 121.00 176.00 141.00 220.00
person 110 1 208.00 171.00 229.00 221.00
person 49 1 191.00 178.00 209.00 223.00
person 98 1 230.00 174.00 248.00 226.00
person 49 1 245.00 168.00 266.00 226.00
person 49 1 277.00 175.00 293.00 228.00
person 49 1 291.00 174.00 306.00 236.00
person -1 1 319.00 192.00 331.00 241.00
person -1 1 307.00 195.00 322.00 227.00
person 57 1 15.00 215.00 70.00 298.00
person 71 1 144.00 250.00 179.00 290.00
person 70 1 52.00 365.00 138.00 392.00
person 57 1 198.00 210.00 239.00 270.00
person 57 1 183.00 210.00 213.00 249.00
person 57 1 242.00 237.00 283.00 292.00
person 57 1 219.00 259.00 264.00 339.00
bicycle 47 1 126.00 355.00 190.00 395.00
bicycle -1 1 89.00 296.00 146.00 309.00
bicycle -1 1 227.00 299.00 258.00 366.00
bicycle -1 1 190.00 245.00 209.00 298.00
bicycle -1 1 206.00 247.00 239.00 303.00
bicycle 34 1 13.00 274.00 78.00 309.00
