person 49 0 1.00 132.00 46.00 292.00
person 71 0 58.00 101.00 127.00 180.00
person 98 0 111.00 131.00 156.00 184.00
person 110 0 192.00 111.00 241.00 276.00
person 49 0 213.00 160.00 289.00 314.00
person 71 0 102.00 215.00 172.00 368.00
person 98 0 1.00 298.00 46.00 375.00
person 71 0 43.00 293.00 104.00 375.00
person 98 0 110.00 303.00 154.00 375.00
person 57 0 158.00 287.00 220.00 375.00
person 70 0 143.00 342.00 198.00 375.00
horse 99 0 1.00 171.00 290.00 295.00
person -1 0 472.00 150.00 500.00 279.00
person 98 0 458.00 106.00 500.00 255.00
person 70 0 377.00 83.00 450.00 238.00
horse 92 0 316.00 28.00 411.00 222.00
person 49 1 455.00 132.00 500.00 292.00
person 70 1 374.00 101.00 443.00 180.00
person 98 1 345.00 131.00 390.00 184.00
person 49 1 260.00 111.00 309.00 276.00
person 49 1 212.00 160.00 288.00 314.00
person 98 1 329.00 215.00 399.00 368.00
person 57 1 455.00 298.00 500.00 375.00
person 98 1 397.00 293.00 458.00 375.00
person 98 1 347.00 303.00 391.00 375.00
person 57 1 281.00 287.00 343.00 375.00
person 70 1 303.00 342.00 358.00 375.00
horse 99 1 211.00 171.00 500.00 295.00
person -1 1 1.00 150.00 29.00 279.00
person 49 1 1.00 106.00 43.00 255.00
person 57 1 51.00 83.00 124.00 238.00
horse 92 1 90.00 28.00 185.00 222.00
