diningtable 65 0 81.00 191.00 329.00 322.00
person 70 0 293.00 106.00 348.00 175.00
person 70 0 385.00 109.00 450.00 182.00
person 98 0 272.00 127.00 397.00 318.00
person 71 0 135.00 102.00 203.00 198.00
person 98 0 189.00 92.00 257.00 185.00
person 70 0 68.00 99.00 154.00 212.00
person 98 0 3.00 97.00 148.00 325.00
chair -1 0 273.00 233.00 439.00 325.00
chair -1 0 370.00 182.00 433.00 250.00
diningtable 65 1 122.00 191.00 370.00 322.00
person 70 1 103.00 106.00 158.00 175.00
person 98 1 1.00 109.00 66.00 182.00
person 98 1 54.00 127.00 179.00 318.00
person 70 1 248.00 102.00 316.00 198.00
person 71 1 194.00 92.00 262.00 185.00
person 98 1 297.00 99.00 383.00 212.00
person 98 1 303.00 97.00 448.00 325.00
chair -1 1 12.00 233.00 178.00 325.00
chair -1 1 18.00 182.00 81.00 250.00
