person 57 0 47.00 117.00 95.00 208.00
person 98 0 129.00 106.00 186.00 235.00
person 110 0 221.00 86.00 278.00 229.00
person 71 0 296.00 90.00 371.00 165.00
person 57 0 30.00 174.00 89.00 246.00
person 70 0 92.00 183.00 134.00 233.00
person 49 0 177.00 165.00 224.00 271.00
person 57 0 312.00 151.00 374.00 232.00
person 70 0 387.00 147.00 436.00 210.00
horse 14 0 2.00 222.00 46.00 384.00
horse 92 0 8.00 218.00 123.00 376.00
horse 92 0 95.00 233.00 160.00 373.00
horse 92 0 148.00 209.00 246.00 357.00
horse 22 0 246.00 184.00 400.00 347.00
horse 22 0 318.00 172.00 475.00 338.00
person 57 1 406.00 117.00 454.00 208.00
person 70 1 315.00 106.00 372.00 235.00
person 49 1 223.00 86.00 280.00 229.00
person 70 1 130.00 90.00 205.00 165.00
person 57 1 412.00 174.00 471.00 246.00
person 70 1 367.00 183.00 409.00 233.00
person 49 1 277.00 165.00 324.00 271.00
person 98 1 127.00 151.00 189.00 232.00
person 71 1 65.00 147.00 114.00 210.00
horse 14 1 455.00 222.00 499.00 384.00
horse 92 1 378.00 218.00 493.00 376.00
horse 92 1 341.00 233.00 406.00 373.00
horse 92 1 255.00 209.00 353.00 357.00
horse 85 1 101.00 184.00 255.00 347.00
horse 85 1 26.00 172.00 183.00 338.00
