person 49 0 148.00 133.00 203.00 309.00
person 57 0 195.00 127.00 274.00 308.00
person 49 0 270.00 137.00 320.00 273.00
person 49 0 338.00 187.00 366.00 275.00
person 49 0 321.00 151.00 373.00 274.00
dog 39 0 267.00 249.00 356.00 331.00
car 66 0 48.00 137.00 159.00 198.00
person 49 1 298.00 133.00 353.00 309.00
person 57 1 227.00 127.00 306.00 308.00
person 49 1 181.00 137.00 231.00 273.00
person 49 1 135.00 187.00 163.00 275.00
person 49 1 128.00 151.00 180.00 274.00
dog 38 1 145.00 249.00 234.00 331.00
car 66 1 342.00 137.00 453.00 198.00
