sofa 76 0 75.00 138.00 500.00 364.00
person 98 0 67.00 61.00 213.00 261.00
bottle 1 0 96.00 269.00 121.00 344.00
bottle 36 0 116.00 268.00 135.00 334.00
bottle 36 0 123.00 255.00 142.00 319.00
bottle 82 0 145.00 259.00 171.00 326.00
bottle 1 0 154.00 240.00 173.00 307.00
bottle -1 0 104.00 247.00 119.00 272.00
bottle -1 0 84.00 238.00 100.00 265.00
bottle -1 0 64.00 233.00 81.00 263.00
bottle 10 0 38.00 193.00 57.00 261.00
bottle -1 0 33.00 232.00 53.00 264.00
bottle -1 0 10.00 226.00 26.00 294.00
sofa 44 1 1.00 138.00 426.00 364.00
person 49 1 288.00 61.00 434.00 261.00
bottle 1 1 380.00 269.00 405.00 344.00
bottle 25 1 366.00 268.00 385.00 334.00
bottle 25 1 359.00 255.00 378.00 319.00
bottle 82 1 330.00 259.00 356.00 326.00
bottle 1 1 328.00 240.00 347.00 307.00
bottle -1 1 382.00 247.00 397.00 272.00
bottle -1 1 401.00 238.00 417.00 265.00
bottle -1 1 420.00 233.00 437.00 263.00
bottle 10 1 444.00 193.00 463.00 261.00
bottle -1 1 448.00 232.00 468.00 264.00
bottle -1 1 475.00 226.00 491.00 294.00
