motorbike 28 0 27.00 235.00 62.00 300.00
motorbike 63 0 97.00 229.00 130.00 303.00
person 49 0 64.00 216.00 87.00 294.00
person 49 0 80.00 209.00 109.00 300.00
person 110 0 199.00 202.00 234.00 319.00
person 49 0 376.00 207.00 402.00 291.00
person -1 0 439.00 216.00 461.00 248.00
motorbike 28 0 153.00 240.00 182.00 303.00
motorbike -1 0 173.00 234.00 202.00 291.00
motorbike -1 0 436.00 248.00 465.00 298.00
person -1 0 174.00 218.00 189.00 249.00
car 41 0 240.00 223.00 356.00 324.00
motorbike 28 1 439.00 235.00 474.00 300.00
motorbike 62 1 371.00 229.00 404.00 303.00
person 49 1 414.00 216.00 437.00 294.00
person 49 1 392.00 209.00 421.00 300.00
person 49 1 267.00 202.00 302.00 319.00
person 49 1 99.00 207.00 125.00 291.00
person -1 1 40.00 216.00 62.00 248.00
motorbike 28 1 319.00 240.00 348.00 303.00
motorbike -1 1 299.00 234.00 328.00 291.00
motorbike -1 1 36.00 248.00 65.00 298.00
person -1 1 312.00 218.00 327.00 249.00
car 41 1 145.00 223.00 261.00 324.00
