boat 16 0 2.00 65.00 150.00 99.00
boat 118 0 121.00 53.00 200.00 79.00
boat 15 0 209.00 75.00 354.00 129.00
boat 20 0 307.00 62.00 419.00 106.00
boat 20 0 40.00 182.00 381.00 265.00
person 98 0 81.00 146.00 176.00 224.00
person 98 0 41.00 160.00 81.00 221.00
boat 15 1 351.00 65.00 499.00 99.00
boat 118 1 301.00 53.00 380.00 79.00
boat 16 1 147.00 75.00 292.00 129.00
boat 19 1 82.00 62.00 194.00 106.00
boat 15 1 120.00 182.00 461.00 265.00
person 98 1 325.00 146.00 420.00 224.00
person 49 1 420.00 160.00 460.00 221.00
