car 52 0 22.00 71.00 472.00 326.00
car -1 0 380.00 39.00 443.00 64.00
car -1 0 291.00 37.00 384.00 65.00
car 52 0 281.00 65.00 500.00 193.00
car -1 0 215.00 40.00 304.00 74.00
car 83 0 65.00 46.00 193.00 104.00
car 41 0 1.00 54.00 66.00 135.00
car 41 0 1.00 33.00 58.00 71.00
car 83 0 54.00 34.00 111.00 68.00
car -1 0 121.00 32.00 183.00 51.00
car -1 0 264.00 30.00 309.00 54.00
car -1 0 1.00 244.00 40.00 375.00
person 98 0 454.00 13.00 500.00 104.00
person -1 0 433.00 24.00 446.00 48.00
person -1 0 416.00 22.00 432.00 41.00
person 70 0 378.00 20.00 400.00 46.00
person -1 0 359.00 19.00 379.00 48.00
person -1 0 350.00 21.00 354.00 34.00
person -1 0 335.00 17.00 351.00 39.00
person -1 0 284.00 20.00 295.00 32.00
person -1 0 247.00 18.00 257.00 31.00
person -1 0 263.00 18.00 277.00 30.00
person 98 0 181.00 14.00 222.00 66.00
car 94 1 29.00 71.00 479.00 326.00
car -1 1 58.00 39.00 121.00 64.00
car -1 1 117.00 37.00 210.00 65.00
car 83 1 1.00 65.00 220.00 193.00
car -1 1 197.00 40.00 286.00 74.00
car 41 1 308.00 46.00 436.00 104.00
car 41 1 435.00 54.00 500.00 135.00
car 83 1 443.00 33.00 500.00 71.00
car 94 1 390.00 34.00 447.00 68.00
car -1 1 318.00 32.00 380.00 51.00
car -1 1 192.00 30.00 237.00 54.00
car -1 1 461.00 244.00 500.00 375.00
person 98 1 1.00 13.00 47.00 104.00
person -1 1 55.00 24.00 68.00 48.00
person -1 1 69.00 22.00 85.00 41.00
person 70 1 101.00 20.00 123.00 46.00
person -1 1 122.00 19.00 142.00 48.00
person -1 1 147.00 21.00 151.00 34.00
person -1 1 150.00 17.00 166.00 39.00
person -1 1 206.00 20.00 217.00 32.00
person -1 1 244.00 18.00 254.00 31.00
person -1 1 224.00 18.00 238.00 30.00
person 98 1 279.00 14.00 320.00 66.00
