bicycle 17 0 235.00 117.00 461.00 374.00
person 49 0 265.00 3.00 415.00 297.00
person 49 0 136.00 1.00 274.00 309.00
bicycle 17 0 139.00 168.00 263.00 345.00
bicycle 17 0 61.00 174.00 157.00 323.00
bicycle 47 0 1.00 188.00 53.00 294.00
person 57 0 3.00 100.00 60.00 271.00
person 57 0 65.00 72.00 170.00 285.00
chair 89 0 44.00 214.00 78.00 278.00
bicycle 17 1 40.00 117.00 266.00 374.00
person 49 1 86.00 3.00 236.00 297.00
person 57 1 227.00 1.00 365.00 309.00
bicycle 17 1 238.00 168.00 362.00 345.00
bicycle 34 1 344.00 174.00 440.00 323.00
bicycle 17 1 448.00 188.00 500.00 294.00
person 57 1 441.00 100.00 498.00 271.00
person 57 1 331.00 72.00 436.00 285.00
chair 50 1 423.00 214.00 457.00 278.00
