horse 92 0 145.00 207.00 264.00 451.00
person 49 0 125.00 98.00 237.00 312.00
car 52 0 152.00 201.00 329.00 366.00
car -1 0 305.00 288.00 329.00 445.00
car 41 0 53.00 212.00 118.00 257.00
car 41 0 24.00 211.00 60.00 243.00
car -1 0 82.00 203.00 124.00 235.00
horse 85 1 87.00 207.00 206.00 451.00
person 110 1 114.00 98.00 226.00 312.00
car 41 1 22.00 201.00 199.00 366.00
car -1 1 22.00 288.00 46.00 445.00
car 41 1 233.00 212.00 298.00 257.00
car 41 1 291.00 211.00 327.00 243.00
car -1 1 227.00 203.00 269.00 235.00
