person 57 0 348.00 282.00 384.00 372.00
person 98 0 376.00 280.00 406.00 375.00
person 49 0 112.00 280.00 157.00 374.00
person 98 0 424.00 287.00 471.00 372.00
person 71 0 220.00 153.00 252.00 193.00
person 110 0 59.00 146.00 83.00 251.00
car 66 0 167.00 159.00 418.00 245.00
car 83 0 67.00 149.00 274.00 231.00
person 57 1 117.00 282.00 153.00 372.00
person 98 1 95.00 280.00 125.00 375.00
person 57 1 344.00 280.00 389.00 374.00
person 98 1 30.00 287.00 77.00 372.00
person 98 1 249.00 153.00 281.00 193.00
person 49 1 418.00 146.00 442.00 251.00
car 106 1 83.00 159.00 334.00 245.00
car 106 1 227.00 149.00 434.00 231.00
