person 71 0 343.00 85.00 435.00 225.00
person 110 0 243.00 105.00 328.00 214.00
person 70 0 104.00 110.00 191.00 225.00
person 71 0 172.00 100.00 254.00 235.00
person 98 0 435.00 98.00 486.00 212.00
person 71 0 55.00 145.00 109.00 203.00
person 49 0 16.00 145.00 44.00 193.00
person 57 1 66.00 85.00 158.00 225.00
person 110 1 173.00 105.00 258.00 214.00
person 98 1 310.00 110.00 397.00 225.00
person 98 1 247.00 100.00 329.00 235.00
person 49 1 15.00 98.00 66.00 212.00
person 98 1 392.00 145.00 446.00 203.00
person 110 1 457.00 145.00 485.00 193.00
