pottedplant 23 0 280.00 276.00 315.00 407.00
pottedplant -1 0 192.00 317.00 207.00 350.00
pottedplant -1 0 202.00 320.00 216.00 351.00
pottedplant 7 0 217.00 322.00 242.00 365.00
chair -1 0 245.00 402.00 298.00 493.00
chair -1 0 307.00 381.00 354.00 421.00
chair 68 0 201.00 409.00 270.00 500.00
chair 11 0 263.00 422.00 333.00 500.00
diningtable 100 0 227.00 407.00 374.00 500.00
person 49 0 88.00 308.00 154.00 500.00
person 98 0 158.00 302.00 197.00 351.00
person 110 0 153.00 321.00 205.00 479.00
person 49 0 46.00 305.00 68.00 387.00
person 110 0 66.00 312.00 85.00 385.00
pottedplant 23 1 61.00 276.00 96.00 407.00
pottedplant -1 1 169.00 317.00 184.00 350.00
pottedplant -1 1 160.00 320.00 174.00 351.00
pottedplant 7 1 134.00 322.00 159.00 365.00
chair -1 1 78.00 402.00 131.00 493.00
chair -1 1 22.00 381.00 69.00 421.00
chair 89 1 106.00 409.00 175.00 500.00
chair 11 1 43.00 422.00 113.00 500.00
diningtable 100 1 2.00 407.00 149.00 500.00
person 49 1 222.00 308.00 288.00 500.00
person 98 1 179.00 302.00 218.00 351.00
person 110 1 171.00 321.00 223.00 479.00
person 49 1 308.00 305.00 330.00 387.00
person 110 1 291.00 312.00 310.00 385.00
