train 87 0 15.00 93.00 366.00 337.00
train -1 0 367.00 224.00 415.00 262.00
person 49 0 144.00 178.00 177.00 260.00
person 49 0 162.00 244.00 217.00 375.00
person 49 0 209.00 234.00 240.00 369.00
person 49 0 230.00 232.00 286.00 375.00
person 49 0 284.00 241.00 346.00 372.00
train 87 1 135.00 93.00 486.00 337.00
train -1 1 86.00 224.00 134.00 262.00
person 49 1 324.00 178.00 357.00 260.00
person 49 1 284.00 244.00 339.00 375.00
person 49 1 261.00 234.00 292.00 369.00
person 98 1 215.00 232.00 271.00 375.00
person 98 1 155.00 241.00 217.00 372.00
