car -1 0 42.00 349.00 59.00 368.00
car -1 0 48.00 354.00 152.00 375.00
car 66 0 199.00 354.00 294.00 375.00
car -1 0 302.00 351.00 339.00 375.00
car -1 0 327.00 351.00 425.00 375.00
person 110 0 19.00 322.00 36.00 358.00
person 49 0 42.00 324.00 54.00 358.00
bus 116 0 58.00 290.00 294.00 375.00
bus -1 0 408.00 309.00 489.00 375.00
bus 116 0 6.00 303.00 68.00 329.00
car -1 1 442.00 349.00 459.00 368.00
car -1 1 349.00 354.00 453.00 375.00
car 66 1 207.00 354.00 302.00 375.00
car -1 1 162.00 351.00 199.00 375.00
car -1 1 76.00 351.00 174.00 375.00
person 49 1 465.00 322.00 482.00 358.00
person 49 1 447.00 324.00 459.00 358.00
bus 75 1 207.00 290.00 443.00 375.00
bus -1 1 12.00 309.00 93.00 375.00
bus 75 1 433.00 303.00 495.00 329.00
