bus 93 0 2.00 21.00 401.00 280.00
car 41 0 396.00 157.00 426.00 203.00
person -1 0 489.00 159.00 498.00 181.00
person -1 0 470.00 158.00 475.00 177.00
person -1 0 449.00 160.00 456.00 181.00
person -1 0 456.00 158.00 463.00 175.00
person -1 0 431.00 163.00 441.00 180.00
person -1 0 330.00 70.00 344.00 85.00
person -1 0 313.00 71.00 327.00 85.00
person -1 0 291.00 63.00 309.00 79.00
person -1 0 270.00 57.00 288.00 71.00
person -1 0 245.00 51.00 266.00 66.00
person -1 0 220.00 43.00 238.00 61.00
person -1 0 182.00 31.00 215.00 58.00
person -1 0 301.00 156.00 319.00 175.00
person -1 0 320.00 151.00 334.00 172.00
bus 6 1 100.00 21.00 499.00 280.00
car 41 1 75.00 157.00 105.00 203.00
person -1 1 3.00 159.00 12.00 181.00
person -1 1 26.00 158.00 31.00 177.00
person -1 1 45.00 160.00 52.00 181.00
person -1 1 38.00 158.00 45.00 175.00
person -1 1 60.00 163.00 70.00 180.00
person -1 1 157.00 70.00 171.00 85.00
person -1 1 174.00 71.00 188.00 85.00
person -1 1 192.00 63.00 210.00 79.00
person -1 1 213.00 57.00 231.00 71.00
person -1 1 235.00 51.00 256.00 66.00
person -1 1 263.00 43.00 281.00 61.00
person -1 1 286.00 31.00 319.00 58.00
person -1 1 182.00 156.00 200.00 175.00
person -1 1 167.00 151.00 181.00 172.00
