bus -1 0 229.00 69.00 266.00 117.00
bus 6 0 256.00 2.00 500.00 372.00
person 98 0 395.00 150.00 465.00 375.00
person 57 0 305.00 169.00 431.00 375.00
person 49 0 232.00 149.00 322.00 361.00
person 70 0 152.00 238.00 330.00 375.00
person 98 0 29.00 215.00 164.00 375.00
person -1 0 279.00 134.00 305.00 167.00
person -1 0 273.00 153.00 311.00 203.00
person 57 0 110.00 115.00 135.00 155.00
bus -1 1 235.00 69.00 272.00 117.00
bus 31 1 1.00 2.00 245.00 372.00
person 57 1 36.00 150.00 106.00 375.00
person 98 1 70.00 169.00 196.00 375.00
person 49 1 179.00 149.00 269.00 361.00
person 70 1 171.00 238.00 349.00 375.00
person 98 1 337.00 215.00 472.00 375.00
person -1 1 196.00 134.00 222.00 167.00
person -1 1 190.00 153.00 228.00 203.00
person 98 1 366.00 115.00 391.00 155.00
