person 71 0 32.00 63.00 158.00 169.00
person 71 0 121.00 109.00 179.00 191.00
person 49 0 194.00 108.00 243.00 375.00
person 110 0 222.00 98.00 305.00 375.00
person 98 0 279.00 106.00 362.00 234.00
person 57 0 312.00 75.00 362.00 128.00
person 49 0 291.00 92.00 471.00 375.00
person 110 0 408.00 77.00 500.00 374.00
person 98 0 100.00 121.00 214.00 375.00
person 98 0 1.00 81.00 129.00 375.00
person 71 1 343.00 63.00 469.00 169.00
person 57 1 322.00 109.00 380.00 191.00
person 110 1 258.00 108.00 307.00 375.00
person 110 1 196.00 98.00 279.00 375.00
person 98 1 139.00 106.00 222.00 234.00
person 57 1 139.00 75.00 189.00 128.00
person 98 1 30.00 92.00 210.00 375.00
person 49 1 1.00 77.00 93.00 374.00
person 110 1 287.00 121.00 401.00 375.00
person 98 1 372.00 81.00 500.00 375.00
