bottle 25 0 151.00 25.00 181.00 124.00
bottle 10 0 185.00 2.00 225.00 128.00
bottle 10 0 227.00 2.00 266.00 127.00
bottle 10 0 268.00 1.00 309.00 128.00
bottle 36 0 312.00 2.00 352.00 126.00
bottle 10 0 353.00 1.00 394.00 127.00
bottle 25 0 396.00 2.00 436.00 128.00
bottle 25 0 438.00 1.00 472.00 126.00
bottle 25 0 473.00 1.00 500.00 125.00
bottle 36 0 4.00 180.00 72.00 372.00
bottle 36 0 62.00 181.00 129.00 368.00
bottle 10 0 93.00 160.00 132.00 266.00
bottle 36 0 123.00 170.00 184.00 361.00
bottle 13 0 156.00 160.00 192.00 223.00
bottle 36 0 183.00 174.00 241.00 367.00
bottle -1 0 217.00 159.00 238.00 195.00
bottle -1 0 236.00 169.00 262.00 241.00
bottle -1 0 278.00 153.00 298.00 201.00
bottle 25 0 281.00 167.00 316.00 237.00
bottle 25 0 340.00 167.00 374.00 241.00
bottle 1 0 337.00 149.00 379.00 225.00
bottle -1 0 397.00 148.00 433.00 238.00
bottle -1 0 456.00 147.00 500.00 225.00
bottle 36 0 236.00 178.00 295.00 365.00
bottle 36 0 295.00 177.00 350.00 365.00
bottle 36 0 352.00 180.00 412.00 364.00
bottle 25 0 411.00 163.00 471.00 365.00
bottle 25 0 468.00 181.00 500.00 365.00
bottle 25 1 320.00 25.00 350.00 124.00
bottle 10 1 276.00 2.00 316.00 128.00
bottle 36 1 235.00 2.00 274.00 127.00
bottle 10 1 192.00 1.00 233.00 128.00
bottle 36 1 149.00 2.00 189.00 126.00
bottle 25 1 107.00 1.00 148.00 127.00
bottle 10 1 65.00 2.00 105.00 128.00
bottle 25 1 29.00 1.00 63.00 126.00
bottle 82 1 1.00 1.00 28.00 125.00
bottle 36 1 429.00 180.00 497.00 372.00
bottle 36 1 372.00 181.00 439.00 368.00
bottle 10 1 369.00 160.00 408.00 266.00
bottle 36 1 317.00 170.00 378.00 361.00
bottle 13 1 309.00 160.00 345.00 223.00
bottle 36 1 260.00 174.00 318.00 367.00
bottle -1 1 263.00 159.00 284.00 195.00
bottle -1 1 239.00 169.00 265.00 241.00
bottle -1 1 203.00 153.00 223.00 201.00
bottle 25 1 185.00 167.00 220.00 237.00
bottle 25 1 127.00 167.00 161.00 241.00
bottle 82 1 122.00 149.00 164.00 225.00
bottle -1 1 68.00 148.00 104.00 238.00
bottle -1 1 1.00 147.00 45.00 225.00
bottle 36 1 206.00 178.00 265.00 365.00
bottle 36 1 151.00 177.00 206.00 365.00
bottle 36 1 89.00 180.00 149.00 364.00
bottle 36 1 30.00 163.00 90.00 365.00
bottle 82 1 1.00 181.00 33.00 365.00
