car 94 0 168.00 152.00 404.00 240.00
person 110 0 46.00 117.00 80.00 203.00
person 49 0 385.00 132.00 409.00 198.00
person 49 0 417.00 130.00 439.00 197.00
person 110 0 433.00 125.00 463.00 200.00
person 49 0 482.00 131.00 500.00 198.00
person 49 0 476.00 125.00 491.00 198.00
car 66 0 77.00 136.00 156.00 170.00
person 49 0 105.00 122.00 127.00 171.00
person 110 0 143.00 121.00 166.00 174.00
person -1 0 159.00 124.00 174.00 171.00
car 83 0 2.00 121.00 47.00 159.00
car -1 0 323.00 133.00 374.00 154.00
car 106 1 97.00 152.00 333.00 240.00
person 98 1 421.00 117.00 455.00 203.00
person 49 1 92.00 132.00 116.00 198.00
person 110 1 62.00 130.00 84.00 197.00
person 49 1 38.00 125.00 68.00 200.00
person 49 1 1.00 131.00 19.00 198.00
person 49 1 10.00 125.00 25.00 198.00
car 66 1 345.00 136.00 424.00 170.00
person 98 1 374.00 122.00 396.00 171.00
person 49 1 335.00 121.00 358.00 174.00
person -1 1 327.00 124.00 342.00 171.00
car 83 1 454.00 121.00 499.00 159.00
car -1 1 127.00 133.00 178.00 154.00
