car 66 0 19.00 36.00 500.00 250.00
motorbike 81 0 10.00 36.00 497.00 304.00
person 70 0 446.00 17.00 493.00 108.00
person 70 0 88.00 16.00 139.00 81.00
person 57 0 32.00 26.00 68.00 92.00
person 110 0 9.00 15.00 38.00 94.00
person 110 0 344.00 30.00 387.00 107.00
person 70 0 217.00 22.00 242.00 42.00
person -1 0 190.00 29.00 210.00 43.00
person -1 0 151.00 24.00 180.00 51.00
person -1 0 296.00 29.00 322.00 48.00
person -1 0 336.00 29.00 350.00 51.00
person 70 0 348.00 29.00 368.00 54.00
person -1 0 413.00 37.00 440.00 82.00
person 110 0 489.00 32.00 500.00 93.00
car 66 1 1.00 36.00 482.00 250.00
motorbike 81 1 4.00 36.00 491.00 304.00
person 70 1 8.00 17.00 55.00 108.00
person 71 1 362.00 16.00 413.00 81.00
person 98 1 433.00 26.00 469.00 92.00
person 110 1 463.00 15.00 492.00 94.00
person 49 1 114.00 30.00 157.00 107.00
person 70 1 259.00 22.00 284.00 42.00
person -1 1 291.00 29.00 311.00 43.00
person -1 1 321.00 24.00 350.00 51.00
person -1 1 179.00 29.00 205.00 48.00
person -1 1 151.00 29.00 165.00 51.00
person 98 1 133.00 29.00 153.00 54.00
person -1 1 61.00 37.00 88.00 82.00
person 110 1 1.00 32.00 12.00 93.00
