chair 50 0 333.00 248.00 458.00 375.00
chair 107 0 157.00 204.00 240.00 315.00
chair 89 0 118.00 195.00 189.00 290.00
chair 68 0 79.00 181.00 138.00 268.00
chair 11 0 57.00 175.00 108.00 245.00
chair 68 0 12.00 167.00 69.00 233.00
chair 89 0 1.00 163.00 38.00 221.00
tvmonitor -1 0 37.00 131.00 50.00 157.00
tvmonitor -1 0 48.00 132.00 61.00 161.00
tvmonitor 103 0 61.00 133.00 87.00 162.00
tvmonitor 103 0 86.00 134.00 107.00 167.00
tvmonitor 103 0 100.00 135.00 129.00 172.00
tvmonitor 103 0 125.00 138.00 168.00 179.00
tvmonitor 103 0 174.00 140.00 218.00 187.00
tvmonitor 103 0 215.00 147.00 273.00 199.00
tvmonitor 42 0 297.00 154.00 369.00 223.00
tvmonitor 103 0 392.00 163.00 493.00 245.00
chair 51 1 43.00 248.00 168.00 375.00
chair 11 1 261.00 204.00 344.00 315.00
chair 89 1 312.00 195.00 383.00 290.00
chair 11 1 363.00 181.00 422.00 268.00
chair 68 1 393.00 175.00 444.00 245.00
chair 11 1 432.00 167.00 489.00 233.00
chair 89 1 463.00 163.00 500.00 221.00
tvmonitor -1 1 451.00 131.00 464.00 157.00
tvmonitor -1 1 440.00 132.00 453.00 161.00
tvmonitor 104 1 414.00 133.00 440.00 162.00
tvmonitor 104 1 394.00 134.00 415.00 167.00
tvmonitor 42 1 372.00 135.00 401.00 172.00
tvmonitor 104 1 333.00 138.00 376.00 179.00
tvmonitor 104 1 283.00 140.00 327.00 187.00
tvmonitor 104 1 228.00 147.00 286.00 199.00
tvmonitor 42 1 132.00 154.00 204.00 223.00
tvmonitor 104 1 8.00 163.00 109.00 245.00
