pottedplant 72 0 198.00 404.00 333.00 500.00
pottedplant 23 0 140.00 341.00 270.00 461.00
pottedplant 23 0 75.00 120.00 258.00 390.00
pottedplant 23 0 28.00 221.00 79.00 291.00
pottedplant 23 0 29.00 197.00 100.00 226.00
pottedplant 23 0 8.00 130.00 85.00 197.00
pottedplant 72 1 1.00 404.00 136.00 500.00
pottedplant 72 1 64.00 341.00 194.00 461.00
pottedplant 23 1 76.00 120.00 259.00 390.00
pottedplant 72 1 255.00 221.00 306.00 291.00
pottedplant 23 1 234.00 197.00 305.00 226.00
pottedplant 23 1 249.00 130.00 326.00 197.00
