dog 39 0 68.00 153.00 251.00 433.00
person 49 0 179.00 12.00 375.00 486.00
person 98 0 1.00 109.00 155.00 277.00
bottle -1 0 245.00 61.00 255.00 96.00
bottle -1 0 172.00 60.00 179.00 95.00
bottle -1 0 149.00 58.00 163.00 92.00
bottle -1 0 123.00 61.00 128.00 91.00
bottle -1 0 110.00 60.00 117.00 92.00
bottle -1 0 88.00 60.00 97.00 90.00
dog 54 1 125.00 153.00 308.00 433.00
person 49 1 1.00 12.00 197.00 486.00
person 98 1 221.00 109.00 375.00 277.00
bottle -1 1 121.00 61.00 131.00 96.00
bottle -1 1 197.00 60.00 204.00 95.00
bottle -1 1 213.00 58.00 227.00 92.00
bottle -1 1 248.00 61.00 253.00 91.00
bottle -1 1 259.00 60.00 266.00 92.00
bottle -1 1 279.00 60.00 288.00 90.00
