person 98 0 424.00 92.00 482.00 205.00
cow 102 0 246.00 125.00 305.00 162.00
cow -1 0 156.00 120.00 231.00 161.00
cow -1 0 130.00 148.00 217.00 177.00
cow -1 0 15.00 165.00 65.00 194.00
cow 3 0 139.00 195.00 383.00 351.00
cow 3 0 19.00 266.00 246.00 375.00
cow -1 0 388.00 203.00 500.00 375.00
cow -1 0 3.00 179.00 142.00 312.00
cow 3 0 145.00 312.00 380.00 375.00
cow -1 0 296.00 155.00 452.00 234.00
cow -1 0 264.00 174.00 329.00 209.00
person 98 1 19.00 92.00 77.00 205.00
cow 102 1 196.00 125.00 255.00 162.00
cow -1 1 270.00 120.00 345.00 161.00
cow -1 1 284.00 148.00 371.00 177.00
cow -1 1 436.00 165.00 486.00 194.00
cow 3 1 118.00 195.00 362.00 351.00
cow 3 1 255.00 266.00 482.00 375.00
cow -1 1 1.00 203.00 113.00 375.00
cow -1 1 359.00 179.00 498.00 312.00
cow 3 1 121.00 312.00 356.00 375.00
cow -1 1 49.00 155.00 205.00 234.00
cow -1 1 172.00 174.00 237.00 209.00
