car 41 0 55.00 107.00 377.00 324.00
car 83 0 371.00 40.00 459.00 119.00
person 110 0 440.00 31.00 475.00 190.00
person 57 0 261.00 21.00 336.00 125.00
person 110 0 139.00 33.00 201.00 115.00
person 110 0 224.00 18.00 263.00 112.00
person -1 0 190.00 15.00 224.00 75.00
person 49 0 118.00 29.00 151.00 121.00
car 41 1 124.00 107.00 446.00 324.00
car 83 1 42.00 40.00 130.00 119.00
person 110 1 26.00 31.00 61.00 190.00
person 57 1 165.00 21.00 240.00 125.00
person 110 1 300.00 33.00 362.00 115.00
person 98 1 238.00 18.00 277.00 112.00
person -1 1 277.00 15.00 311.00 75.00
person 49 1 350.00 29.00 383.00 121.00
