sheep 32 0 2.00 209.00 128.00 427.00
sheep 117 0 40.00 222.00 320.00 427.00
bottle 1 0 30.00 60.00 135.00 138.00
bottle 1 0 309.00 158.00 393.00 248.00
person 110 0 373.00 10.00 478.00 426.00
person 57 0 108.00 3.00 284.00 420.00
person 57 0 100.00 4.00 264.00 227.00
person 98 0 272.00 4.00 497.00 424.00
sheep 108 1 373.00 209.00 499.00 427.00
sheep 117 1 181.00 222.00 461.00 427.00
bottle 1 1 366.00 60.00 471.00 138.00
bottle 1 1 108.00 158.00 192.00 248.00
person 110 1 23.00 10.00 128.00 426.00
person 57 1 217.00 3.00 393.00 420.00
person 98 1 237.00 4.00 401.00 227.00
person 70 1 4.00 4.00 229.00 424.00
