bus 31 0 75.00 49.00 383.00 298.00
car 83 0 12.00 184.00 58.00 213.00
car -1 0 50.00 184.00 79.00 206.00
motorbike -1 0 482.00 162.00 489.00 188.00
person 71 0 196.00 130.00 240.00 198.00
person 70 0 128.00 137.00 174.00 178.00
person 98 0 431.00 158.00 443.00 187.00
motorbike 62 0 461.00 161.00 486.00 192.00
bus 31 1 118.00 49.00 426.00 298.00
car 41 1 443.00 184.00 489.00 213.00
car -1 1 422.00 184.00 451.00 206.00
motorbike -1 1 12.00 162.00 19.00 188.00
person 98 1 261.00 130.00 305.00 198.00
person 70 1 327.00 137.00 373.00 178.00
person 98 1 58.00 158.00 70.00 187.00
motorbike 28 1 15.00 161.00 40.00 192.00
