tvmonitor 111 0 151.00 135.00 213.00 193.00
pottedplant 23 0 23.00 127.00 49.00 173.00
pottedplant -1 0 17.00 153.00 32.00 175.00
pottedplant 55 0 1.00 150.00 19.00 185.00
pottedplant 23 0 36.00 174.00 61.00 208.00
pottedplant 7 0 19.00 180.00 39.00 214.00
pottedplant 55 0 5.00 182.00 22.00 218.00
pottedplant -1 0 25.00 230.00 43.00 250.00
pottedplant 23 0 33.00 209.00 60.00 243.00
sofa 91 0 186.00 189.00 446.00 334.00
tvmonitor 42 1 288.00 135.00 350.00 193.00
pottedplant 23 1 452.00 127.00 478.00 173.00
pottedplant -1 1 469.00 153.00 484.00 175.00
pottedplant 55 1 482.00 150.00 500.00 185.00
pottedplant 72 1 440.00 174.00 465.00 208.00
pottedplant 7 1 462.00 180.00 482.00 214.00
pottedplant 55 1 479.00 182.00 496.00 218.00
pottedplant -1 1 458.00 230.00 476.00 250.00
pottedplant 72 1 441.00 209.00 468.00 243.00
sofa 76 1 55.00 189.00 315.00 334.00
