bicycle 46 0 115.00 82.00 178.00 209.00
bicycle 35 0 163.00 124.00 234.00 261.00
bicycle 35 0 260.00 143.00 337.00 266.00
bicycle 46 0 337.00 75.00 393.00 185.00
bicycle -1 0 217.00 100.00 278.00 202.00
bicycle -1 0 394.00 47.00 431.00 130.00
person 57 0 334.00 15.00 422.00 165.00
person 98 0 401.00 1.00 461.00 119.00
person 57 0 256.00 75.00 354.00 241.00
person 57 0 165.00 50.00 256.00 243.00
person 57 0 238.00 22.00 295.00 173.00
person 98 0 281.00 7.00 333.00 96.00
person -1 0 179.00 1.00 255.00 50.00
person 98 0 127.00 23.00 220.00 144.00
person -1 0 242.00 1.00 317.00 23.00
bicycle 47 1 323.00 82.00 386.00 209.00
bicycle 34 1 267.00 124.00 338.00 261.00
bicycle 34 1 164.00 143.00 241.00 266.00
bicycle 47 1 108.00 75.00 164.00 185.00
bicycle -1 1 223.00 100.00 284.00 202.00
bicycle -1 1 70.00 47.00 107.00 130.00
person 57 1 79.00 15.00 167.00 165.00
person 71 1 40.00 1.00 100.00 119.00
person 57 1 147.00 75.00 245.00 241.00
person 57 1 245.00 50.00 336.00 243.00
person 57 1 206.00 22.00 263.00 173.00
person 49 1 168.00 7.00 220.00 96.00
person -1 1 246.00 1.00 322.00 50.00
person 71 1 281.00 23.00 374.00 144.00
person -1 1 184.00 1.00 259.00 23.00
