diningtable 65 0 1.00 349.00 265.00 500.00
diningtable 45 0 109.00 196.00 277.00 439.00
person 71 0 4.00 189.00 150.00 367.00
person 98 0 62.00 170.00 142.00 293.00
person 57 0 114.00 157.00 191.00 277.00
person 98 0 177.00 150.00 248.00 234.00
person 57 0 247.00 157.00 330.00 251.00
person -1 0 320.00 182.00 375.00 236.00
person 98 0 266.00 194.00 375.00 425.00
person 70 0 242.00 312.00 375.00 500.00
person 71 0 8.00 108.00 45.00 172.00
diningtable 65 1 111.00 349.00 375.00 500.00
diningtable 58 1 99.00 196.00 267.00 439.00
person 98 1 226.00 189.00 372.00 367.00
person 98 1 234.00 170.00 314.00 293.00
person 98 1 185.00 157.00 262.00 277.00
person 98 1 128.00 150.00 199.00 234.00
person 71 1 46.00 157.00 129.00 251.00
person -1 1 1.00 182.00 56.00 236.00
person 49 1 1.00 194.00 110.00 425.00
person 70 1 1.00 312.00 134.00 500.00
person 98 1 331.00 108.00 368.00 172.00
