bus 6 0 3.00 5.00 218.00 375.00
bus -1 0 203.00 106.00 249.00 269.00
car 83 0 434.00 281.00 500.00 375.00
car 66 0 351.00 222.00 461.00 298.00
car 66 0 256.00 245.00 366.00 360.00
car 83 0 254.00 212.00 331.00 270.00
car -1 0 266.00 194.00 311.00 217.00
car -1 0 265.00 178.00 302.00 202.00
car -1 0 282.00 170.00 310.00 192.00
car -1 0 341.00 199.00 402.00 249.00
car 83 0 320.00 184.00 366.00 222.00
car -1 0 324.00 173.00 351.00 184.00
person -1 0 382.00 164.00 394.00 195.00
person -1 0 334.00 160.00 344.00 170.00
bus 31 1 283.00 5.00 498.00 375.00
bus -1 1 252.00 106.00 298.00 269.00
car 83 1 1.00 281.00 67.00 375.00
car 66 1 40.00 222.00 150.00 298.00
car 66 1 135.00 245.00 245.00 360.00
car 83 1 170.00 212.00 247.00 270.00
car -1 1 190.00 194.00 235.00 217.00
car -1 1 199.00 178.00 236.00 202.00
car -1 1 191.00 170.00 219.00 192.00
car -1 1 99.00 199.00 160.00 249.00
car 83 1 135.00 184.00 181.00 222.00
car -1 1 150.00 173.00 177.00 184.00
person -1 1 107.00 164.00 119.00 195.00
person -1 1 157.00 160.00 167.00 170.00
