pottedplant 23 0 234.00 48.00 280.00 128.00
dog 18 0 258.00 328.00 357.00 500.00
dog 39 0 266.00 205.00 299.00 283.00
tvmonitor 114 0 213.00 128.00 269.00 178.00
diningtable 100 0 101.00 177.00 253.00 307.00
chair 89 0 198.00 175.00 270.00 302.00
chair 107 0 138.00 187.00 209.00 327.00
chair 68 0 85.00 171.00 157.00 296.00
chair -1 0 149.00 161.00 195.00 178.00
pottedplant 72 1 96.00 48.00 142.00 128.00
dog 18 1 19.00 328.00 118.00 500.00
dog 18 1 77.00 205.00 110.00 283.00
tvmonitor 114 1 107.00 128.00 163.00 178.00
diningtable 100 1 123.00 177.00 275.00 307.00
chair 89 1 106.00 175.00 178.00 302.00
chair 107 1 167.00 187.00 238.00 327.00
chair 68 1 219.00 171.00 291.00 296.00
chair -1 1 181.00 161.00 227.00 178.00
