sheep 59 0 282.00 116.00 393.00 241.00
sheep 59 0 198.00 113.00 334.00 254.00
sheep 59 0 143.00 125.00 292.00 261.00
sheep 119 0 94.00 139.00 297.00 328.00
sheep 119 0 42.00 148.00 233.00 331.00
person 98 0 1.00 1.00 164.00 330.00
person 57 0 284.00 17.00 373.00 149.00
person 49 0 391.00 21.00 455.00 215.00
person -1 0 477.00 5.00 500.00 311.00
person 49 0 148.00 7.00 214.00 161.00
person 49 0 89.00 16.00 149.00 158.00
sheep -1 0 372.00 240.00 500.00 331.00
sheep 32 1 108.00 116.00 219.00 241.00
sheep 53 1 167.00 113.00 303.00 254.00
sheep 59 1 209.00 125.00 358.00 261.00
sheep 32 1 204.00 139.00 407.00 328.00
sheep 59 1 268.00 148.00 459.00 331.00
person 70 1 337.00 1.00 500.00 330.00
person 98 1 128.00 17.00 217.00 149.00
person 49 1 46.00 21.00 110.00 215.00
person -1 1 1.00 5.00 24.00 311.00
person 98 1 287.00 7.00 353.00 161.00
person 49 1 352.00 16.00 412.00 158.00
sheep -1 1 1.00 240.00 129.00 331.00
