boat 118 0 1.00 115.00 471.00 375.00
person 49 0 86.00 20.00 159.00 268.00
person 98 0 147.00 96.00 230.00 276.00
person 98 0 142.00 190.00 256.00 328.00
person 98 0 251.00 145.00 353.00 326.00
person 71 0 321.00 101.00 396.00 202.00
person 98 0 336.00 85.00 391.00 179.00
person 57 0 379.00 82.00 447.00 173.00
boat 118 1 30.00 115.00 500.00 375.00
person 98 1 342.00 20.00 415.00 268.00
person 49 1 271.00 96.00 354.00 276.00
person 98 1 245.00 190.00 359.00 328.00
person 98 1 148.00 145.00 250.00 326.00
person 71 1 105.00 101.00 180.00 202.00
person 98 1 110.00 85.00 165.00 179.00
person 57 1 54.00 82.00 122.00 173.00
