motorbike 79 0 415.00 199.00 478.00 279.00
motorbike 64 0 245.00 256.00 345.00 334.00
motorbike 28 0 182.00 217.00 232.00 308.00
motorbike 28 0 53.00 223.00 106.00 292.00
car 41 0 125.00 153.00 249.00 238.00
car -1 0 8.00 166.00 23.00 215.00
person 57 0 411.00 140.00 481.00 251.00
person 49 0 252.00 143.00 343.00 327.00
person 49 0 167.00 141.00 246.00 276.00
person 49 0 44.00 151.00 109.00 276.00
person -1 0 50.00 143.00 120.00 267.00
person 57 0 29.00 156.00 48.00 200.00
person 57 0 14.00 154.00 34.00 198.00
motorbike 63 1 23.00 199.00 86.00 279.00
motorbike 64 1 156.00 256.00 256.00 334.00
motorbike 62 1 269.00 217.00 319.00 308.00
motorbike 63 1 395.00 223.00 448.00 292.00
car 83 1 252.00 153.00 376.00 238.00
car -1 1 478.00 166.00 493.00 215.00
person 57 1 20.00 140.00 90.00 251.00
person 49 1 158.00 143.00 249.00 327.00
person 49 1 255.00 141.00 334.00 276.00
person 110 1 392.00 151.00 457.00 276.00
person -1 1 381.00 143.00 451.00 267.00
person 57 1 453.00 156.00 472.00 200.00
person 57 1 467.00 154.00 487.00 198.00
