person 110 0 1.00 107.00 46.00 254.00
person 110 0 41.00 149.00 97.00 250.00
person 70 0 125.00 143.00 170.00 172.00
person 98 0 184.00 137.00 208.00 166.00
person 98 0 224.00 97.00 249.00 124.00
person -1 0 274.00 94.00 293.00 108.00
person -1 0 309.00 85.00 325.00 103.00
person 98 0 355.00 131.00 383.00 166.00
person -1 0 422.00 129.00 440.00 149.00
person -1 0 462.00 130.00 482.00 151.00
person 110 0 420.00 78.00 447.00 135.00
car 41 0 81.00 96.00 500.00 312.00
person 57 0 272.00 64.00 310.00 108.00
person 98 0 242.00 67.00 270.00 113.00
person 110 0 203.00 64.00 240.00 149.00
person 110 1 455.00 107.00 500.00 254.00
person 49 1 404.00 149.00 460.00 250.00
person 70 1 331.00 143.00 376.00 172.00
person 71 1 293.00 137.00 317.00 166.00
person 98 1 252.00 97.00 277.00 124.00
person -1 1 208.00 94.00 227.00 108.00
person -1 1 176.00 85.00 192.00 103.00
person 70 1 118.00 131.00 146.00 166.00
person -1 1 61.00 129.00 79.00 149.00
person -1 1 19.00 130.00 39.00 151.00
person 110 1 54.00 78.00 81.00 135.00
car 41 1 1.00 96.00 420.00 312.00
person 57 1 191.00 64.00 229.00 108.00
person 98 1 231.00 67.00 259.00 113.00
person 49 1 261.00 64.00 298.00 149.00
