car -1 0 479.00 146.00 500.00 169.00
car 52 0 429.00 139.00 484.00 168.00
car -1 0 412.00 146.00 444.00 168.00
car -1 0 383.00 144.00 409.00 167.00
car -1 0 301.00 140.00 338.00 165.00
car 41 0 200.00 140.00 235.00 170.00
car 83 0 150.00 140.00 194.00 169.00
car -1 0 110.00 141.00 146.00 175.00
car 83 0 44.00 141.00 93.00 172.00
car -1 0 2.00 144.00 40.00 169.00
boat -1 0 337.00 155.00 355.00 189.00
boat -1 0 267.00 154.00 289.00 193.00
boat -1 0 245.00 158.00 265.00 195.00
boat -1 0 231.00 154.00 252.00 202.00
boat -1 0 199.00 154.00 220.00 193.00
boat -1 0 146.00 156.00 171.00 193.00
boat -1 0 48.00 158.00 72.00 196.00
car 83 0 324.00 131.00 382.00 170.00
car -1 1 1.00 146.00 22.00 169.00
car 94 1 17.00 139.00 72.00 168.00
car -1 1 57.00 146.00 89.00 168.00
car -1 1 92.00 144.00 118.00 167.00
car -1 1 163.00 140.00 200.00 165.00
car 41 1 266.00 140.00 301.00 170.00
car 106 1 307.00 140.00 351.00 169.00
car -1 1 355.00 141.00 391.00 175.00
car 106 1 408.00 141.00 457.00 172.00
car -1 1 461.00 144.00 499.00 169.00
boat -1 1 146.00 155.00 164.00 189.00
boat -1 1 212.00 154.00 234.00 193.00
boat -1 1 236.00 158.00 256.00 195.00
boat -1 1 249.00 154.00 270.00 202.00
boat -1 1 281.00 154.00 302.00 193.00
boat -1 1 330.00 156.00 355.00 193.00
boat -1 1 429.00 158.00 453.00 196.00
car 83 1 119.00 131.00 177.00 170.00
