person -1 0 71.00 341.00 90.00 421.00
person -1 0 95.00 351.00 113.00 412.00
person 98 0 113.00 348.00 131.00 414.00
car -1 0 149.00 359.00 163.00 375.00
car -1 0 199.00 358.00 214.00 376.00
car 41 0 164.00 364.00 204.00 399.00
car -1 0 229.00 348.00 263.00 369.00
car 41 0 202.00 366.00 333.00 489.00
person -1 1 244.00 341.00 263.00 421.00
person -1 1 221.00 351.00 239.00 412.00
person 98 1 203.00 348.00 221.00 414.00
car -1 1 171.00 359.00 185.00 375.00
car -1 1 120.00 358.00 135.00 376.00
car 41 1 130.00 364.00 170.00 399.00
car -1 1 71.00 348.00 105.00 369.00
car 41 1 1.00 366.00 132.00 489.00
