diningtable 100 0 185.00 156.00 283.00 256.00
chair -1 0 225.00 146.00 262.00 160.00
chair -1 0 189.00 139.00 197.00 174.00
chair -1 0 183.00 146.00 228.00 246.00
chair 107 0 167.00 149.00 217.00 263.00
chair 107 0 203.00 162.00 251.00 287.00
chair 89 0 139.00 147.00 188.00 207.00
diningtable 100 1 218.00 156.00 316.00 256.00
chair -1 1 239.00 146.00 276.00 160.00
chair -1 1 304.00 139.00 312.00 174.00
chair -1 1 273.00 146.00 318.00 246.00
chair 89 1 284.00 149.00 334.00 263.00
chair 107 1 250.00 162.00 298.00 287.00
chair 68 1 313.00 147.00 362.00 207.00
