person 71 0 178.00 153.00 300.00 270.00
person 98 0 252.00 61.00 426.00 260.00
person 98 0 8.00 1.00 64.00 102.00
person 71 0 58.00 1.00 97.00 95.00
person 71 0 91.00 1.00 152.00 96.00
person 98 0 161.00 1.00 205.00 103.00
person -1 0 199.00 1.00 245.00 97.00
person 70 0 220.00 1.00 278.00 107.00
person 70 0 358.00 1.00 402.00 107.00
person 98 0 399.00 1.00 450.00 109.00
person 98 0 445.00 1.00 493.00 107.00
person -1 0 276.00 1.00 332.00 71.00
person 57 1 201.00 153.00 323.00 270.00
person 49 1 75.00 61.00 249.00 260.00
person 98 1 437.00 1.00 493.00 102.00
person 70 1 404.00 1.00 443.00 95.00
person 70 1 349.00 1.00 410.00 96.00
person 98 1 296.00 1.00 340.00 103.00
person -1 1 256.00 1.00 302.00 97.00
person 71 1 223.00 1.00 281.00 107.00
person 70 1 99.00 1.00 143.00 107.00
person 70 1 51.00 1.00 102.00 109.00
person 98 1 8.00 1.00 56.00 107.00
person -1 1 169.00 1.00 225.00 71.00
