cow 102 0 224.00 162.00 284.00 258.00
cow 5 0 270.00 171.00 309.00 243.00
cow 102 0 290.00 164.00 333.00 237.00
cow 73 0 316.00 163.00 348.00 237.00
cow 102 0 179.00 164.00 224.00 247.00
cow -1 0 103.00 158.00 129.00 191.00
cow -1 0 130.00 163.00 168.00 189.00
cow -1 0 68.00 162.00 103.00 232.00
cow -1 0 112.00 175.00 154.00 252.00
cow 5 0 142.00 188.00 188.00 273.00
car 41 0 31.00 139.00 73.00 181.00
car 41 0 1.00 136.00 34.00 172.00
person -1 0 108.00 146.00 124.00 156.00
cow 102 1 217.00 162.00 277.00 258.00
cow 102 1 192.00 171.00 231.00 243.00
cow 102 1 168.00 164.00 211.00 237.00
cow 74 1 153.00 163.00 185.00 237.00
cow 102 1 277.00 164.00 322.00 247.00
cow -1 1 372.00 158.00 398.00 191.00
cow -1 1 333.00 163.00 371.00 189.00
cow -1 1 398.00 162.00 433.00 232.00
cow -1 1 347.00 175.00 389.00 252.00
cow 102 1 313.00 188.00 359.00 273.00
car 41 1 428.00 139.00 470.00 181.00
car 41 1 467.00 136.00 500.00 172.00
person -1 1 377.00 146.00 393.00 156.00
