bottle -1 0 396.00 212.00 414.00 277.00
diningtable 45 0 150.00 238.00 479.00 373.00
chair -1 0 379.00 186.00 443.00 264.00
chair -1 0 324.00 184.00 380.00 250.00
chair -1 0 169.00 248.00 264.00 375.00
chair 11 0 86.00 227.00 224.00 375.00
chair -1 0 111.00 182.00 175.00 257.00
bottle -1 1 87.00 212.00 105.00 277.00
diningtable 45 1 22.00 238.00 351.00 373.00
chair -1 1 58.00 186.00 122.00 264.00
chair -1 1 121.00 184.00 177.00 250.00
chair -1 1 237.00 248.00 332.00 375.00
chair 68 1 277.00 227.00 415.00 375.00
chair -1 1 326.00 182.00 390.00 257.00
