person 70 0 118.00 327.00 204.00 453.00
person 49 0 204.00 344.00 242.00 454.00
person 49 0 241.00 340.00 272.00 458.00
person 49 0 270.00 344.00 294.00 457.00
person 110 0 82.00 339.00 125.00 456.00
person 110 0 43.00 333.00 81.00 468.00
person -1 0 106.00 321.00 214.00 337.00
person 57 0 302.00 274.00 338.00 358.00
person 110 0 7.00 290.00 29.00 355.00
person 70 1 141.00 327.00 227.00 453.00
person 49 1 103.00 344.00 141.00 454.00
person 98 1 73.00 340.00 104.00 458.00
person 110 1 51.00 344.00 75.00 457.00
person 110 1 220.00 339.00 263.00 456.00
person 110 1 264.00 333.00 302.00 468.00
person -1 1 131.00 321.00 239.00 337.00
person 57 1 7.00 274.00 43.00 358.00
person 98 1 316.00 290.00 338.00 355.00
