car 83 0 43.00 318.00 160.00 375.00
car 94 0 243.00 318.00 283.00 349.00
car 83 0 281.00 315.00 334.00 350.00
car 83 0 312.00 311.00 408.00 361.00
car 52 0 1.00 303.00 65.00 375.00
car -1 0 298.00 319.00 500.00 375.00
car 66 0 372.00 251.00 500.00 360.00
person 98 0 195.00 315.00 208.00 347.00
car 83 1 341.00 318.00 458.00 375.00
car 52 1 218.00 318.00 258.00 349.00
car 41 1 167.00 315.00 220.00 350.00
car 106 1 93.00 311.00 189.00 361.00
car 83 1 436.00 303.00 500.00 375.00
car -1 1 1.00 319.00 203.00 375.00
car 52 1 1.00 251.00 129.00 360.00
person 49 1 293.00 315.00 306.00 347.00
