pottedplant 7 0 42.00 5.00 168.00 117.00
pottedplant 23 0 174.00 4.00 290.00 138.00
pottedplant 23 0 302.00 18.00 381.00 117.00
pottedplant 23 0 397.00 54.00 477.00 152.00
pottedplant 72 0 331.00 129.00 425.00 221.00
pottedplant 72 0 253.00 169.00 358.00 277.00
pottedplant 72 0 154.00 117.00 244.00 212.00
pottedplant 7 1 333.00 5.00 459.00 117.00
pottedplant 23 1 211.00 4.00 327.00 138.00
pottedplant 72 1 120.00 18.00 199.00 117.00
pottedplant 23 1 24.00 54.00 104.00 152.00
pottedplant 72 1 76.00 129.00 170.00 221.00
pottedplant 23 1 143.00 169.00 248.00 277.00
pottedplant 23 1 257.00 117.00 347.00 212.00
