pottedplant -1 0 220.00 50.00 232.00 67.00
pottedplant -1 0 232.00 160.00 238.00 177.00
pottedplant -1 0 238.00 162.00 245.00 177.00
pottedplant -1 0 246.00 164.00 252.00 179.00
pottedplant -1 0 342.00 163.00 365.00 226.00
pottedplant 23 0 418.00 173.00 442.00 245.00
pottedplant -1 1 269.00 50.00 281.00 67.00
pottedplant -1 1 263.00 160.00 269.00 177.00
pottedplant -1 1 256.00 162.00 263.00 177.00
pottedplant -1 1 249.00 164.00 255.00 179.00
pottedplant -1 1 136.00 163.00 159.00 226.00
pottedplant 7 1 59.00 173.00 83.00 245.00
