bird 56 0 189.00 103.00 356.00 244.00
person 57 0 318.00 29.00 479.00 368.00
person 110 0 1.00 1.00 101.00 375.00
person 49 0 426.00 156.00 500.00 255.00
person 71 0 259.00 166.00 495.00 375.00
person 49 0 176.00 132.00 262.00 363.00
person -1 0 128.00 106.00 178.00 185.00
person 49 0 100.00 93.00 135.00 160.00
bird 40 1 145.00 103.00 312.00 244.00
person 57 1 22.00 29.00 183.00 368.00
person 110 1 400.00 1.00 500.00 375.00
person 57 1 1.00 156.00 75.00 255.00
person 57 1 6.00 166.00 242.00 375.00
person 110 1 239.00 132.00 325.00 363.00
person -1 1 323.00 106.00 373.00 185.00
person 57 1 366.00 93.00 401.00 160.00
