person 57 0 148.00 80.00 441.00 375.00
person 49 0 340.00 70.00 430.00 266.00
person 71 0 1.00 115.00 127.00 375.00
person 70 0 446.00 278.00 500.00 375.00
person 49 0 417.00 112.00 500.00 330.00
person -1 0 493.00 4.00 500.00 65.00
person -1 0 460.00 1.00 482.00 65.00
person 98 0 429.00 1.00 456.00 67.00
person -1 0 395.00 1.00 414.00 64.00
person 49 0 256.00 11.00 282.00 77.00
person -1 0 200.00 18.00 214.00 82.00
person -1 0 127.00 59.00 139.00 107.00
person -1 0 113.00 64.00 125.00 109.00
person -1 0 104.00 68.00 112.00 107.00
person 70 0 1.00 103.00 55.00 214.00
person 71 1 60.00 80.00 353.00 375.00
person 49 1 71.00 70.00 161.00 266.00
person 71 1 374.00 115.00 500.00 375.00
person 98 1 1.00 278.00 55.00 375.00
person 110 1 1.00 112.00 84.00 330.00
person -1 1 1.00 4.00 8.00 65.00
person -1 1 19.00 1.00 41.00 65.00
person 71 1 45.00 1.00 72.00 67.00
person -1 1 87.00 1.00 106.00 64.00
person 49 1 219.00 11.00 245.00 77.00
person -1 1 287.00 18.00 301.00 82.00
person -1 1 362.00 59.00 374.00 107.00
person -1 1 376.00 64.00 388.00 109.00
person -1 1 389.00 68.00 397.00 107.00
person 71 1 446.00 103.00 500.00 214.00
