bottle -1 0 144.00 167.00 190.00 220.00
bottle 13 0 199.00 182.00 236.00 250.00
bottle -1 0 221.00 153.00 277.00 206.00
bottle -1 0 257.00 156.00 298.00 200.00
bottle -1 0 295.00 188.00 336.00 232.00
bottle 1 0 317.00 197.00 358.00 234.00
bottle 1 0 342.00 195.00 388.00 232.00
bottle -1 0 371.00 189.00 405.00 221.00
bottle -1 0 387.00 186.00 420.00 220.00
bottle -1 1 311.00 167.00 357.00 220.00
bottle 1 1 265.00 182.00 302.00 250.00
bottle -1 1 224.00 153.00 280.00 206.00
bottle -1 1 203.00 156.00 244.00 200.00
bottle -1 1 165.00 188.00 206.00 232.00
bottle 1 1 143.00 197.00 184.00 234.00
bottle 1 1 113.00 195.00 159.00 232.00
bottle -1 1 96.00 189.00 130.00 221.00
bottle -1 1 81.00 186.00 114.00 220.00
