chair -1 0 378.00 109.00 486.00 203.00
person 49 0 393.00 45.00 496.00 201.00
person 71 0 305.00 28.00 384.00 83.00
person 71 0 224.00 11.00 302.00 90.00
person 71 0 79.00 31.00 211.00 137.00
person 71 0 5.00 52.00 139.00 203.00
diningtable 12 0 102.00 84.00 422.00 203.00
sofa -1 0 1.00 6.00 94.00 102.00
chair -1 1 15.00 109.00 123.00 203.00
person 98 1 5.00 45.00 108.00 201.00
person 70 1 117.00 28.00 196.00 83.00
person 70 1 199.00 11.00 277.00 90.00
person 71 1 290.00 31.00 422.00 137.00
person 70 1 362.00 52.00 496.00 203.00
diningtable 100 1 79.00 84.00 399.00 203.00
sofa -1 1 407.00 6.00 500.00 102.00
