bottle 1 0 218.00 257.00 281.00 374.00
bottle 1 0 43.00 211.00 82.00 353.00
chair -1 0 376.00 281.00 404.00 374.00
person 98 0 111.00 117.00 274.00 374.00
person 98 0 249.00 122.00 390.00 374.00
person 98 0 70.00 140.00 171.00 318.00
person 49 0 1.00 136.00 93.00 299.00
person 98 0 307.00 2.00 460.00 374.00
bottle 1 1 220.00 257.00 283.00 374.00
bottle 1 1 419.00 211.00 458.00 353.00
chair -1 1 97.00 281.00 125.00 374.00
person 98 1 227.00 117.00 390.00 374.00
person 70 1 111.00 122.00 252.00 374.00
person 98 1 330.00 140.00 431.00 318.00
person 57 1 408.00 136.00 500.00 299.00
person 98 1 41.00 2.00 194.00 374.00
