boat 16 0 53.00 78.00 86.00 170.00
boat 16 0 160.00 65.00 191.00 171.00
boat 19 0 222.00 125.00 238.00 162.00
boat 16 0 248.00 43.00 284.00 175.00
boat -1 0 309.00 100.00 329.00 166.00
boat 16 0 415.00 82.00 444.00 167.00
boat -1 0 323.00 122.00 335.00 163.00
boat 15 1 415.00 78.00 448.00 170.00
boat 15 1 310.00 65.00 341.00 171.00
boat 20 1 263.00 125.00 279.00 162.00
boat 15 1 217.00 43.00 253.00 175.00
boat -1 1 172.00 100.00 192.00 166.00
boat 15 1 57.00 82.00 86.00 167.00
boat -1 1 166.00 122.00 178.00 163.00
