chair 51 0 92.00 214.00 210.00 341.00
chair -1 0 4.00 294.00 75.00 375.00
chair 89 0 29.00 199.00 121.00 306.00
chair 89 0 206.00 174.00 257.00 238.00
chair 51 0 247.00 197.00 320.00 278.00
chair -1 0 276.00 168.00 309.00 191.00
chair -1 0 301.00 178.00 351.00 219.00
chair -1 0 317.00 162.00 352.00 181.00
chair -1 0 344.00 159.00 364.00 179.00
chair -1 0 362.00 169.00 380.00 181.00
chair 11 0 372.00 174.00 419.00 223.00
chair -1 0 449.00 162.00 486.00 196.00
chair -1 0 422.00 164.00 441.00 192.00
chair 89 1 291.00 214.00 409.00 341.00
chair -1 1 426.00 294.00 497.00 375.00
chair 89 1 380.00 199.00 472.00 306.00
chair 89 1 244.00 174.00 295.00 238.00
chair 50 1 181.00 197.00 254.00 278.00
chair -1 1 192.00 168.00 225.00 191.00
chair -1 1 150.00 178.00 200.00 219.00
chair -1 1 149.00 162.00 184.00 181.00
chair -1 1 137.00 159.00 157.00 179.00
chair -1 1 121.00 169.00 139.00 181.00
chair 89 1 82.00 174.00 129.00 223.00
chair -1 1 15.00 162.00 52.00 196.00
chair -1 1 60.00 164.00 79.00 192.00
