bus 31 0 205.00 30.00 354.00 234.00
bus 6 0 269.00 1.00 450.00 39.00
car 52 0 319.00 21.00 452.00 91.00
car -1 0 176.00 67.00 243.00 129.00
car 41 0 73.00 29.00 247.00 92.00
car 52 0 2.00 49.00 122.00 121.00
car 106 0 45.00 146.00 247.00 270.00
person -1 0 195.00 110.00 217.00 188.00
person 98 0 136.00 107.00 158.00 150.00
person 49 0 59.00 206.00 101.00 312.00
person 98 0 15.00 188.00 46.00 294.00
person -1 0 147.00 1.00 168.00 32.00
bus 31 1 147.00 30.00 296.00 234.00
bus 93 1 51.00 1.00 232.00 39.00
car 83 1 49.00 21.00 182.00 91.00
car -1 1 258.00 67.00 325.00 129.00
car 83 1 254.00 29.00 428.00 92.00
car 41 1 379.00 49.00 499.00 121.00
car 94 1 254.00 146.00 456.00 270.00
person -1 1 284.00 110.00 306.00 188.00
person 98 1 343.00 107.00 365.00 150.00
person 98 1 400.00 206.00 442.00 312.00
person 98 1 455.00 188.00 486.00 294.00
person -1 1 333.00 1.00 354.00 32.00
