boat 16 0 1.00 42.00 500.00 124.00
boat 84 0 1.00 53.00 500.00 208.00
person 98 0 3.00 193.00 92.00 301.00
person 49 0 161.00 148.00 218.00 303.00
person 98 0 205.00 151.00 287.00 248.00
person 49 0 353.00 110.00 412.00 255.00
person 98 0 411.00 109.00 482.00 203.00
person 71 0 401.00 7.00 461.00 64.00
person 57 0 309.00 13.00 387.00 71.00
person 71 0 231.00 25.00 291.00 83.00
person 98 0 45.00 48.00 103.00 100.00
person 98 0 167.00 34.00 219.00 85.00
dog 39 0 127.00 278.00 199.00 362.00
boat 15 1 1.00 42.00 500.00 124.00
boat 15 1 1.00 53.00 500.00 208.00
person 70 1 409.00 193.00 498.00 301.00
person 49 1 283.00 148.00 340.00 303.00
person 98 1 214.00 151.00 296.00 248.00
person 98 1 89.00 110.00 148.00 255.00
person 98 1 19.00 109.00 90.00 203.00
person 98 1 40.00 7.00 100.00 64.00
person 57 1 114.00 13.00 192.00 71.00
person 98 1 210.00 25.00 270.00 83.00
person 57 1 398.00 48.00 456.00 100.00
person 98 1 282.00 34.00 334.00 85.00
dog 54 1 302.00 278.00 374.00 362.00
