sheep 59 0 20.00 179.00 176.00 295.00
sheep 53 0 189.00 190.00 286.00 283.00
sheep 53 0 301.00 199.00 419.00 276.00
sheep 119 0 351.00 186.00 390.00 210.00
sheep 59 0 391.00 183.00 426.00 207.00
sheep 59 0 299.00 191.00 355.00 223.00
sheep 59 0 146.00 182.00 192.00 206.00
sheep 53 0 61.00 181.00 189.00 284.00
sheep -1 0 1.00 201.00 55.00 283.00
sheep 108 1 325.00 179.00 481.00 295.00
sheep 53 1 215.00 190.00 312.00 283.00
sheep 108 1 82.00 199.00 200.00 276.00
sheep 117 1 111.00 186.00 150.00 210.00
sheep 119 1 75.00 183.00 110.00 207.00
sheep 108 1 146.00 191.00 202.00 223.00
sheep 108 1 309.00 182.00 355.00 206.00
sheep 108 1 312.00 181.00 440.00 284.00
sheep -1 1 446.00 201.00 500.00 283.00
