bird 40 0 347.00 319.00 407.00 372.00
bird 48 0 426.00 328.00 456.00 363.00
bird -1 0 486.00 338.00 500.00 373.00
bird 4 0 238.00 337.00 269.00 372.00
bird 33 0 277.00 342.00 339.00 372.00
person 98 0 138.00 120.00 266.00 326.00
person 98 0 137.00 7.00 217.00 182.00
person 98 0 40.00 9.00 75.00 113.00
person 70 0 62.00 3.00 104.00 117.00
person 49 0 2.00 4.00 49.00 101.00
bird 33 0 23.00 354.00 67.00 375.00
person -1 0 490.00 3.00 500.00 27.00
person -1 0 479.00 1.00 487.00 26.00
person -1 0 470.00 1.00 481.00 30.00
person -1 0 455.00 1.00 473.00 31.00
bird 48 1 94.00 319.00 154.00 372.00
bird 4 1 45.00 328.00 75.00 363.00
bird -1 1 1.00 338.00 15.00 373.00
bird 40 1 232.00 337.00 263.00 372.00
bird 33 1 162.00 342.00 224.00 372.00
person 98 1 235.00 120.00 363.00 326.00
person 98 1 284.00 7.00 364.00 182.00
person 98 1 426.00 9.00 461.00 113.00
person 98 1 397.00 3.00 439.00 117.00
person 49 1 452.00 4.00 499.00 101.00
bird 33 1 434.00 354.00 478.00 375.00
person -1 1 1.00 3.00 11.00 27.00
person -1 1 14.00 1.00 22.00 26.00
person -1 1 20.00 1.00 31.00 30.00
person -1 1 28.00 1.00 46.00 31.00
