diningtable 100 0 1.00 284.00 261.00 445.00
chair -1 0 156.00 294.00 234.00 361.00
chair -1 0 86.00 281.00 135.00 335.00
chair 68 0 426.00 289.00 500.00 375.00
chair -1 0 446.00 275.00 498.00 294.00
chair -1 0 446.00 270.00 499.00 292.00
chair -1 0 447.00 264.00 494.00 287.00
pottedplant -1 0 359.00 241.00 378.00 285.00
pottedplant 55 0 138.00 175.00 205.00 332.00
pottedplant 23 0 110.00 207.00 143.00 247.00
tvmonitor -1 0 50.00 213.00 68.00 240.00
diningtable 45 1 240.00 284.00 500.00 445.00
chair -1 1 267.00 294.00 345.00 361.00
chair -1 1 366.00 281.00 415.00 335.00
chair 11 1 1.00 289.00 75.00 375.00
chair -1 1 3.00 275.00 55.00 294.00
chair -1 1 2.00 270.00 55.00 292.00
chair -1 1 7.00 264.00 54.00 287.00
pottedplant -1 1 123.00 241.00 142.00 285.00
pottedplant 7 1 296.00 175.00 363.00 332.00
pottedplant 72 1 358.00 207.00 391.00 247.00
tvmonitor -1 1 433.00 213.00 451.00 240.00
