aeroplane 60 0 13.00 125.00 486.00 238.00
aeroplane 86 0 421.00 292.00 493.00 325.00
aeroplane -1 0 316.00 306.00 383.00 328.00
aeroplane 29 0 107.00 301.00 161.00 325.00
aeroplane -1 0 5.00 294.00 113.00 325.00
aeroplane -1 0 3.00 309.00 61.00 327.00
aeroplane 29 1 15.00 125.00 488.00 238.00
aeroplane 29 1 8.00 292.00 80.00 325.00
aeroplane -1 1 118.00 306.00 185.00 328.00
aeroplane 30 1 340.00 301.00 394.00 325.00
aeroplane -1 1 388.00 294.00 496.00 325.00
aeroplane -1 1 440.00 309.00 498.00 327.00
