person 98 0 204.00 106.00 259.00 181.00
person 70 0 252.00 104.00 311.00 156.00
person 70 0 295.00 103.00 336.00 142.00
person 70 0 335.00 108.00 366.00 145.00
person 70 0 380.00 104.00 429.00 161.00
person 98 0 429.00 107.00 494.00 224.00
person 71 0 196.00 167.00 285.00 276.00
car 52 0 1.00 82.00 500.00 375.00
person 98 1 242.00 106.00 297.00 181.00
person 70 1 190.00 104.00 249.00 156.00
person 70 1 165.00 103.00 206.00 142.00
person 71 1 135.00 108.00 166.00 145.00
person 71 1 72.00 104.00 121.00 161.00
person 49 1 7.00 107.00 72.00 224.00
person 70 1 216.00 167.00 305.00 276.00
car 83 1 1.00 82.00 500.00 375.00
