bus 93 0 127.00 136.00 232.00 263.00
bus 115 0 15.00 140.00 125.00 204.00
car 66 0 89.00 202.00 150.00 276.00
car 66 0 1.00 202.00 97.00 337.00
person 49 0 378.00 63.00 500.00 375.00
person 110 0 353.00 200.00 394.00 323.00
person 98 0 298.00 174.00 358.00 322.00
person 49 0 238.00 206.00 264.00 278.00
person 49 0 213.00 195.00 241.00 279.00
person 49 0 272.00 192.00 304.00 269.00
person -1 0 342.00 181.00 367.00 223.00
bus 93 1 269.00 136.00 374.00 263.00
bus 116 1 376.00 140.00 486.00 204.00
car 66 1 351.00 202.00 412.00 276.00
car 66 1 404.00 202.00 500.00 337.00
person 49 1 1.00 63.00 123.00 375.00
person 110 1 107.00 200.00 148.00 323.00
person 49 1 143.00 174.00 203.00 322.00
person 49 1 237.00 206.00 263.00 278.00
person 98 1 260.00 195.00 288.00 279.00
person 110 1 197.00 192.00 229.00 269.00
person -1 1 134.00 181.00 159.00 223.00
