car 66 0 30.00 71.00 450.00 343.00
car 41 0 454.00 107.00 500.00 205.00
car 83 0 1.00 41.00 155.00 202.00
person 71 0 174.00 62.00 222.00 108.00
person 57 0 228.00 68.00 268.00 110.00
person 49 0 28.00 36.00 105.00 183.00
person 49 0 348.00 59.00 422.00 165.00
person 49 0 425.00 83.00 452.00 165.00
person 110 0 448.00 87.00 472.00 172.00
car 66 1 51.00 71.00 471.00 343.00
car 41 1 1.00 107.00 47.00 205.00
car 52 1 346.00 41.00 500.00 202.00
person 71 1 279.00 62.00 327.00 108.00
person 57 1 233.00 68.00 273.00 110.00
person 49 1 396.00 36.00 473.00 183.00
person 98 1 79.00 59.00 153.00 165.00
person 49 1 49.00 83.00 76.00 165.00
person 110 1 29.00 87.00 53.00 172.00
