motorbike 28 0 346.00 98.00 401.00 203.00
motorbike -1 0 390.00 112.00 430.00 184.00
motorbike 28 0 278.00 103.00 362.00 276.00
motorbike 63 0 410.00 131.00 485.00 241.00
motorbike 28 0 84.00 149.00 181.00 332.00
motorbike 28 0 161.00 215.00 270.00 374.00
motorbike -1 0 29.00 93.00 77.00 153.00
person 71 0 253.00 66.00 307.00 124.00
person 98 0 218.00 64.00 261.00 125.00
person 57 0 150.00 78.00 199.00 128.00
person 98 0 144.00 75.00 176.00 115.00
person 49 0 431.00 64.00 481.00 244.00
person 49 0 461.00 64.00 500.00 318.00
person 110 0 33.00 92.00 125.00 312.00
person 57 0 132.00 78.00 308.00 368.00
motorbike 28 1 100.00 98.00 155.00 203.00
motorbike -1 1 71.00 112.00 111.00 184.00
motorbike 28 1 139.00 103.00 223.00 276.00
motorbike 62 1 16.00 131.00 91.00 241.00
motorbike 28 1 320.00 149.00 417.00 332.00
motorbike 28 1 231.00 215.00 340.00 374.00
motorbike -1 1 424.00 93.00 472.00 153.00
person 57 1 194.00 66.00 248.00 124.00
person 57 1 240.00 64.00 283.00 125.00
person 57 1 302.00 78.00 351.00 128.00
person 70 1 325.00 75.00 357.00 115.00
person 110 1 20.00 64.00 70.00 244.00
person 110 1 1.00 64.00 40.00 318.00
person 57 1 376.00 92.00 468.00 312.00
person 98 1 193.00 78.00 369.00 368.00
