person 57 0 86.00 72.00 173.00 249.00
person 57 0 242.00 63.00 381.00 353.00
person 57 0 182.00 58.00 270.00 239.00
person 49 0 168.00 56.00 214.00 223.00
person 49 0 323.00 15.00 397.00 202.00
person -1 0 464.00 7.00 500.00 242.00
person 49 0 122.00 8.00 160.00 104.00
bicycle 46 0 91.00 160.00 167.00 291.00
bicycle 17 0 238.00 201.00 375.00 375.00
bicycle 47 0 196.00 153.00 267.00 287.00
person 57 1 328.00 72.00 415.00 249.00
person 57 1 120.00 63.00 259.00 353.00
person 57 1 231.00 58.00 319.00 239.00
person 49 1 287.00 56.00 333.00 223.00
person 110 1 104.00 15.00 178.00 202.00
person -1 1 1.00 7.00 37.00 242.00
person 49 1 341.00 8.00 379.00 104.00
bicycle 47 1 334.00 160.00 410.00 291.00
bicycle 47 1 126.00 201.00 263.00 375.00
bicycle 46 1 234.00 153.00 305.00 287.00
