pottedplant 23 0 16.00 172.00 93.00 226.00
pottedplant 23 0 25.00 229.00 89.00 279.00
pottedplant 23 0 5.00 274.00 106.00 374.00
person 49 0 221.00 117.00 336.00 375.00
person 57 0 220.00 123.00 269.00 199.00
person 57 0 119.00 141.00 232.00 375.00
cat 27 0 256.00 199.00 344.00 351.00
chair -1 0 428.00 301.00 500.00 375.00
pottedplant 72 1 408.00 172.00 485.00 226.00
pottedplant 72 1 412.00 229.00 476.00 279.00
pottedplant 23 1 395.00 274.00 496.00 374.00
person 49 1 165.00 117.00 280.00 375.00
person 57 1 232.00 123.00 281.00 199.00
person 57 1 269.00 141.00 382.00 375.00
cat 78 1 157.00 199.00 245.00 351.00
chair -1 1 1.00 301.00 73.00 375.00
