person 98 0 213.00 108.00 394.00 375.00
person 70 0 266.00 22.00 427.00 375.00
person 49 0 153.00 22.00 277.00 375.00
person 110 0 1.00 13.00 59.00 375.00
person 98 0 19.00 1.00 89.00 230.00
person 49 0 96.00 1.00 176.00 196.00
person 57 0 238.00 1.00 301.00 124.00
person -1 0 199.00 1.00 241.00 33.00
person -1 0 321.00 1.00 363.00 98.00
person -1 0 356.00 1.00 415.00 93.00
person -1 0 398.00 1.00 467.00 65.00
person 71 1 107.00 108.00 288.00 375.00
person 98 1 74.00 22.00 235.00 375.00
person 49 1 224.00 22.00 348.00 375.00
person 110 1 442.00 13.00 500.00 375.00
person 98 1 412.00 1.00 482.00 230.00
person 98 1 325.00 1.00 405.00 196.00
person 57 1 200.00 1.00 263.00 124.00
person -1 1 260.00 1.00 302.00 33.00
person -1 1 138.00 1.00 180.00 98.00
person -1 1 86.00 1.00 145.00 93.00
person -1 1 34.00 1.00 103.00 65.00
