bus 93 0 6.00 54.00 500.00 321.00
car 83 0 266.00 252.00 490.00 375.00
car 41 0 40.00 252.00 206.00 328.00
car -1 0 1.00 280.00 30.00 331.00
car -1 0 1.00 321.00 459.00 375.00
bottle -1 0 451.00 96.00 467.00 124.00
bottle -1 0 290.00 100.00 304.00 127.00
bottle -1 0 139.00 107.00 153.00 130.00
person -1 0 352.00 95.00 372.00 117.00
bus 93 1 1.00 54.00 495.00 321.00
car 41 1 11.00 252.00 235.00 375.00
car 41 1 295.00 252.00 461.00 328.00
car -1 1 471.00 280.00 500.00 331.00
car -1 1 42.00 321.00 500.00 375.00
bottle -1 1 34.00 96.00 50.00 124.00
bottle -1 1 197.00 100.00 211.00 127.00
bottle -1 1 348.00 107.00 362.00 130.00
person -1 1 129.00 95.00 149.00 117.00
