diningtable 100 0 23.00 172.00 352.00 375.00
chair 68 0 270.00 236.00 443.00 375.00
chair 89 0 408.00 215.00 490.00 373.00
chair -1 0 47.00 307.00 175.00 359.00
pottedplant 23 0 216.00 96.00 299.00 192.00
person 70 0 304.00 104.00 493.00 307.00
person 70 0 326.00 102.00 426.00 241.00
person 98 0 266.00 100.00 333.00 177.00
person 98 0 125.00 100.00 203.00 197.00
person 57 0 54.00 73.00 110.00 198.00
person 110 0 1.00 89.00 92.00 301.00
diningtable 65 1 149.00 172.00 478.00 375.00
chair 11 1 58.00 236.00 231.00 375.00
chair 89 1 11.00 215.00 93.00 373.00
chair -1 1 326.00 307.00 454.00 359.00
pottedplant 7 1 202.00 96.00 285.00 192.00
person 71 1 8.00 104.00 197.00 307.00
person 70 1 75.00 102.00 175.00 241.00
person 98 1 168.00 100.00 235.00 177.00
person 98 1 298.00 100.00 376.00 197.00
person 57 1 391.00 73.00 447.00 198.00
person 110 1 409.00 89.00 500.00 301.00
