car 41 0 160.00 134.00 304.00 231.00
car 83 0 1.00 110.00 100.00 208.00
car 83 0 46.00 96.00 141.00 172.00
car 41 0 29.00 56.00 110.00 108.00
car 41 0 391.00 57.00 473.00 124.00
car 41 0 162.00 19.00 233.00 69.00
car 83 0 420.00 99.00 500.00 178.00
car 83 0 427.00 148.00 500.00 248.00
car 41 1 197.00 134.00 341.00 231.00
car 83 1 401.00 110.00 500.00 208.00
car 83 1 360.00 96.00 455.00 172.00
car 83 1 391.00 56.00 472.00 108.00
car 83 1 28.00 57.00 110.00 124.00
car 83 1 268.00 19.00 339.00 69.00
car 41 1 1.00 99.00 81.00 178.00
car 83 1 1.00 148.00 74.00 248.00
