cow 3 0 87.00 111.00 336.00 343.00
cow -1 0 309.00 97.00 341.00 121.00
cow 102 0 192.00 92.00 214.00 112.00
cow 3 0 169.00 108.00 214.00 125.00
cow -1 0 116.00 93.00 133.00 110.00
cow -1 0 51.00 94.00 71.00 110.00
cow -1 0 216.00 92.00 237.00 104.00
cow 102 1 165.00 111.00 414.00 343.00
cow -1 1 160.00 97.00 192.00 121.00
cow 5 1 287.00 92.00 309.00 112.00
cow 3 1 287.00 108.00 332.00 125.00
cow -1 1 368.00 93.00 385.00 110.00
cow -1 1 430.00 94.00 450.00 110.00
cow -1 1 264.00 92.00 285.00 104.00
