bus 31 0 255.00 220.00 354.00 317.00
car 41 0 203.00 248.00 253.00 298.00
car 41 0 1.00 245.00 107.00 370.00
person 98 0 463.00 269.00 493.00 365.00
person -1 0 365.00 259.00 386.00 318.00
person 49 0 344.00 261.00 363.00 319.00
person -1 0 493.00 262.00 500.00 276.00
bus 31 1 147.00 220.00 246.00 317.00
car 41 1 248.00 248.00 298.00 298.00
car 52 1 394.00 245.00 500.00 370.00
person 110 1 8.00 269.00 38.00 365.00
person -1 1 115.00 259.00 136.00 318.00
person 49 1 138.00 261.00 157.00 319.00
person -1 1 1.00 262.00 8.00 276.00
