car -1 0 341.00 89.00 500.00 184.00
car 83 0 1.00 96.00 500.00 328.00
person -1 0 132.00 131.00 204.00 181.00
person -1 0 469.00 86.00 500.00 116.00
person 70 0 110.00 3.00 360.00 167.00
person 110 0 121.00 2.00 206.00 135.00
person 70 0 437.00 2.00 498.00 90.00
person 71 0 397.00 2.00 431.00 86.00
car -1 1 1.00 89.00 160.00 184.00
car 83 1 1.00 96.00 500.00 328.00
person -1 1 297.00 131.00 369.00 181.00
person -1 1 1.00 86.00 32.00 116.00
person 70 1 141.00 3.00 391.00 167.00
person 110 1 295.00 2.00 380.00 135.00
person 110 1 3.00 2.00 64.00 90.00
person 70 1 70.00 2.00 104.00 86.00
