diningtable 21 0 88.00 224.00 500.00 333.00
person 98 0 401.00 62.00 500.00 313.00
person 70 0 266.00 65.00 403.00 280.00
person 98 0 1.00 47.00 115.00 308.00
bottle 82 0 194.00 1.00 225.00 55.00
bottle 1 0 279.00 1.00 301.00 56.00
bottle 10 0 14.00 15.00 28.00 54.00
diningtable 21 1 1.00 224.00 413.00 333.00
person 98 1 1.00 62.00 100.00 313.00
person 70 1 98.00 65.00 235.00 280.00
person 98 1 386.00 47.00 500.00 308.00
bottle 25 1 276.00 1.00 307.00 55.00
bottle 1 1 200.00 1.00 222.00 56.00
bottle 10 1 473.00 15.00 487.00 54.00
