bicycle 46 0 180.00 114.00 314.00 226.00
car 66 0 146.00 223.00 468.00 375.00
person 70 0 107.00 198.00 142.00 309.00
person 110 0 72.00 206.00 103.00 308.00
person 110 0 38.00 210.00 72.00 312.00
person 110 0 466.00 188.00 500.00 286.00
person 110 0 1.00 212.00 20.00 313.00
person 98 0 140.00 218.00 159.00 255.00
person -1 0 163.00 209.00 177.00 238.00
person -1 0 184.00 205.00 204.00 225.00
person 57 0 226.00 82.00 311.00 194.00
bicycle 47 1 187.00 114.00 321.00 226.00
car 66 1 33.00 223.00 355.00 375.00
person 71 1 359.00 198.00 394.00 309.00
person 110 1 398.00 206.00 429.00 308.00
person 98 1 429.00 210.00 463.00 312.00
person 110 1 1.00 188.00 35.00 286.00
person 110 1 481.00 212.00 500.00 313.00
person 98 1 342.00 218.00 361.00 255.00
person -1 1 324.00 209.00 338.00 238.00
person -1 1 297.00 205.00 317.00 225.00
person 57 1 190.00 82.00 275.00 194.00
