car 94 0 166.00 222.00 429.00 319.00
car 94 0 97.00 188.00 321.00 259.00
car 94 0 309.00 165.00 442.00 223.00
car 66 0 206.00 144.00 298.00 183.00
car 94 0 142.00 143.00 227.00 185.00
car 94 0 79.00 146.00 168.00 185.00
car 83 0 10.00 150.00 77.00 179.00
car -1 0 320.00 142.00 411.00 170.00
car 106 0 408.00 133.00 493.00 184.00
person 98 0 122.00 127.00 139.00 147.00
person -1 0 137.00 131.00 153.00 148.00
person -1 0 112.00 131.00 125.00 157.00
person 98 0 377.00 131.00 396.00 172.00
person 49 0 410.00 131.00 434.00 181.00
person 110 0 434.00 127.00 456.00 191.00
person 49 0 460.00 138.00 489.00 188.00
car 41 1 72.00 222.00 335.00 319.00
car 106 1 180.00 188.00 404.00 259.00
car 66 1 59.00 165.00 192.00 223.00
car 106 1 203.00 144.00 295.00 183.00
car 52 1 274.00 143.00 359.00 185.00
car 52 1 333.00 146.00 422.00 185.00
car 106 1 424.00 150.00 491.00 179.00
car -1 1 90.00 142.00 181.00 170.00
car 66 1 8.00 133.00 93.00 184.00
person 98 1 362.00 127.00 379.00 147.00
person -1 1 348.00 131.00 364.00 148.00
person -1 1 376.00 131.00 389.00 157.00
person 98 1 105.00 131.00 124.00 172.00
person 49 1 67.00 131.00 91.00 181.00
person 110 1 45.00 127.00 67.00 191.00
person 49 1 12.00 138.00 41.00 188.00
