diningtable -1 0 101.00 80.00 298.00 98.00
diningtable -1 0 458.00 58.00 500.00 99.00
person 57 0 416.00 9.00 471.00 69.00
person 70 0 193.00 6.00 266.00 85.00
person 71 0 9.00 5.00 135.00 99.00
person 71 0 159.00 18.00 197.00 60.00
person 110 0 256.00 17.00 310.00 83.00
diningtable -1 1 203.00 80.00 400.00 98.00
diningtable -1 1 1.00 58.00 43.00 99.00
person 57 1 30.00 9.00 85.00 69.00
person 70 1 235.00 6.00 308.00 85.00
person 70 1 366.00 5.00 492.00 99.00
person 70 1 304.00 18.00 342.00 60.00
person 110 1 191.00 17.00 245.00 83.00
