bus 6 0 410.00 194.00 500.00 331.00
car 52 0 249.00 230.00 294.00 247.00
car 52 0 215.00 223.00 249.00 237.00
car 52 0 173.00 223.00 206.00 237.00
car 66 0 290.00 223.00 314.00 233.00
car 83 0 19.00 224.00 51.00 238.00
car 94 0 1.00 283.00 74.00 331.00
bus 6 1 1.00 194.00 91.00 331.00
car 94 1 207.00 230.00 252.00 247.00
car 94 1 252.00 223.00 286.00 237.00
car 83 1 295.00 223.00 328.00 237.00
car 66 1 187.00 223.00 211.00 233.00
car 83 1 450.00 224.00 482.00 238.00
car 106 1 427.00 283.00 500.00 331.00
