car 106 0 36.00 112.00 482.00 322.00
car 94 0 1.00 111.00 130.00 188.00
person -1 0 468.00 70.00 500.00 214.00
person 98 0 414.00 71.00 463.00 156.00
person 98 0 205.00 80.00 236.00 117.00
person -1 0 157.00 91.00 177.00 116.00
person -1 0 111.00 99.00 127.00 110.00
person -1 0 101.00 101.00 115.00 114.00
car -1 0 378.00 245.00 500.00 375.00
car 94 1 19.00 112.00 465.00 322.00
car 66 1 371.00 111.00 500.00 188.00
person -1 1 1.00 70.00 33.00 214.00
person 49 1 38.00 71.00 87.00 156.00
person 70 1 265.00 80.00 296.00 117.00
person -1 1 324.00 91.00 344.00 116.00
person -1 1 374.00 99.00 390.00 110.00
person -1 1 386.00 101.00 400.00 114.00
car -1 1 1.00 245.00 123.00 375.00
