person 110 0 136.00 168.00 180.00 271.00
car 66 0 284.00 164.00 322.00 186.00
car 83 0 87.00 158.00 151.00 222.00
car 106 0 2.00 163.00 89.00 256.00
car 41 0 454.00 162.00 500.00 242.00
person 57 0 39.00 174.00 73.00 277.00
person 110 0 1.00 162.00 29.00 303.00
person 110 1 321.00 168.00 365.00 271.00
car 83 1 179.00 164.00 217.00 186.00
car 83 1 350.00 158.00 414.00 222.00
car 94 1 412.00 163.00 499.00 256.00
car 52 1 1.00 162.00 47.00 242.00
person 98 1 428.00 174.00 462.00 277.00
person 49 1 472.00 162.00 500.00 303.00
