bottle 1 0 2.00 20.00 111.00 98.00
bottle 1 0 113.00 13.00 202.00 110.00
bottle 1 0 202.00 24.00 290.00 113.00
bottle 1 0 288.00 40.00 364.00 107.00
bottle 1 0 338.00 14.00 402.00 66.00
bottle 1 0 380.00 52.00 465.00 103.00
bottle 1 0 397.00 5.00 473.00 65.00
bottle 1 1 363.00 20.00 472.00 98.00
bottle 1 1 272.00 13.00 361.00 110.00
bottle 1 1 184.00 24.00 272.00 113.00
bottle 1 1 110.00 40.00 186.00 107.00
bottle 1 1 72.00 14.00 136.00 66.00
bottle 1 1 9.00 52.00 94.00 103.00
bottle 1 1 1.00 5.00 77.00 65.00
