chair 51 0 210.00 307.00 361.00 375.00
chair 107 0 397.00 241.00 500.00 375.00
chair 50 0 8.00 238.00 134.00 375.00
chair 107 0 317.00 209.00 388.00 333.00
bottle -1 0 263.00 184.00 274.00 225.00
bottle 10 0 235.00 197.00 249.00 240.00
person 98 0 33.00 160.00 190.00 374.00
person 70 0 307.00 146.00 494.00 356.00
person 98 0 284.00 134.00 383.00 354.00
person 49 0 218.00 143.00 298.00 322.00
person 49 0 116.00 124.00 203.00 341.00
tvmonitor -1 0 40.00 102.00 73.00 130.00
chair 51 1 140.00 307.00 291.00 375.00
chair 107 1 1.00 241.00 104.00 375.00
chair 89 1 367.00 238.00 493.00 375.00
chair 107 1 113.00 209.00 184.00 333.00
bottle -1 1 227.00 184.00 238.00 225.00
bottle 10 1 252.00 197.00 266.00 240.00
person 98 1 311.00 160.00 468.00 374.00
person 70 1 7.00 146.00 194.00 356.00
person 98 1 118.00 134.00 217.00 354.00
person 49 1 203.00 143.00 283.00 322.00
person 49 1 298.00 124.00 385.00 341.00
tvmonitor -1 1 428.00 102.00 461.00 130.00
