diningtable 100 0 1.00 234.00 404.00 375.00
bottle -1 0 221.00 21.00 234.00 62.00
bottle -1 0 275.00 38.00 295.00 73.00
person 57 0 152.00 149.00 216.00 257.00
chair -1 0 213.00 224.00 270.00 276.00
chair -1 0 288.00 232.00 369.00 298.00
chair -1 0 70.00 266.00 166.00 375.00
chair -1 0 4.00 242.00 65.00 375.00
diningtable 21 1 97.00 234.00 500.00 375.00
bottle -1 1 267.00 21.00 280.00 62.00
bottle -1 1 206.00 38.00 226.00 73.00
person 98 1 285.00 149.00 349.00 257.00
chair -1 1 231.00 224.00 288.00 276.00
chair -1 1 132.00 232.00 213.00 298.00
chair -1 1 335.00 266.00 431.00 375.00
chair -1 1 436.00 242.00 497.00 375.00
