train 8 0 79.00 147.00 387.00 286.00
person 110 0 475.00 189.00 495.00 245.00
person 49 0 446.00 173.00 467.00 228.00
person 49 0 386.00 192.00 402.00 236.00
person 49 0 363.00 192.00 381.00 243.00
person -1 0 61.00 201.00 74.00 232.00
person 57 0 195.00 178.00 210.00 221.00
train 9 1 114.00 147.00 422.00 286.00
person 110 1 6.00 189.00 26.00 245.00
person 49 1 34.00 173.00 55.00 228.00
person 49 1 99.00 192.00 115.00 236.00
person 49 1 120.00 192.00 138.00 243.00
person -1 1 427.00 201.00 440.00 232.00
person 49 1 291.00 178.00 306.00 221.00
