motorbike 28 0 1.00 143.00 112.00 236.00
motorbike 79 0 164.00 114.00 291.00 219.00
motorbike 28 0 323.00 113.00 382.00 196.00
motorbike -1 0 366.00 112.00 406.00 172.00
motorbike 28 0 312.00 102.00 342.00 166.00
person -1 0 1.00 72.00 53.00 196.00
person 49 0 201.00 70.00 262.00 191.00
person 57 0 233.00 65.00 281.00 116.00
person -1 0 310.00 68.00 345.00 107.00
person 57 0 323.00 69.00 386.00 181.00
person 57 0 374.00 72.00 419.00 163.00
person 49 0 305.00 48.00 323.00 86.00
person -1 0 199.00 48.00 210.00 84.00
car 66 0 14.00 41.00 54.00 76.00
motorbike -1 0 417.00 56.00 432.00 76.00
motorbike -1 0 432.00 58.00 449.00 81.00
motorbike -1 0 449.00 59.00 462.00 78.00
motorbike -1 0 459.00 59.00 477.00 81.00
car 83 0 118.00 47.00 137.00 64.00
motorbike 62 1 389.00 143.00 500.00 236.00
motorbike 81 1 210.00 114.00 337.00 219.00
motorbike 63 1 119.00 113.00 178.00 196.00
motorbike -1 1 95.00 112.00 135.00 172.00
motorbike 28 1 159.00 102.00 189.00 166.00
person -1 1 448.00 72.00 500.00 196.00
person 49 1 239.00 70.00 300.00 191.00
person 98 1 220.00 65.00 268.00 116.00
person -1 1 156.00 68.00 191.00 107.00
person 57 1 115.00 69.00 178.00 181.00
person 57 1 82.00 72.00 127.00 163.00
person 49 1 178.00 48.00 196.00 86.00
person -1 1 291.00 48.00 302.00 84.00
car 66 1 447.00 41.00 487.00 76.00
motorbike -1 1 69.00 56.00 84.00 76.00
motorbike -1 1 52.00 58.00 69.00 81.00
motorbike -1 1 39.00 59.00 52.00 78.00
motorbike -1 1 24.00 59.00 42.00 81.00
car 41 1 364.00 47.00 383.00 64.00
