car 41 0 2.00 216.00 62.00 250.00
car 66 0 66.00 195.00 135.00 231.00
car 52 0 118.00 172.00 167.00 198.00
car 41 0 115.00 176.00 144.00 198.00
car -1 0 84.00 180.00 128.00 198.00
car -1 0 73.00 185.00 107.00 197.00
car -1 0 57.00 187.00 76.00 202.00
car 41 1 299.00 216.00 359.00 250.00
car 66 1 226.00 195.00 295.00 231.00
car 83 1 194.00 172.00 243.00 198.00
car 41 1 217.00 176.00 246.00 198.00
car -1 1 233.00 180.00 277.00 198.00
car -1 1 254.00 185.00 288.00 197.00
car -1 1 285.00 187.00 304.00 202.00
