chair 11 0 24.00 320.00 87.00 412.00
chair 107 0 1.00 327.00 44.00 419.00
chair 89 0 217.00 298.00 255.00 366.00
chair 50 0 240.00 314.00 297.00 395.00
chair 50 0 314.00 362.00 375.00 496.00
chair 11 0 280.00 351.00 352.00 458.00
chair -1 0 299.00 316.00 352.00 346.00
chair -1 0 351.00 305.00 375.00 340.00
chair -1 0 261.00 299.00 303.00 318.00
diningtable -1 0 298.00 331.00 373.00 361.00
chair 11 1 289.00 320.00 352.00 412.00
chair 107 1 332.00 327.00 375.00 419.00
chair 89 1 121.00 298.00 159.00 366.00
chair 51 1 79.00 314.00 136.00 395.00
chair 51 1 1.00 362.00 62.00 496.00
chair 11 1 24.00 351.00 96.00 458.00
chair -1 1 24.00 316.00 77.00 346.00
chair -1 1 1.00 305.00 25.00 340.00
chair -1 1 73.00 299.00 115.00 318.00
diningtable -1 1 3.00 331.00 78.00 361.00
