car 94 0 99.00 30.00 374.00 218.00
person -1 0 412.00 1.00 450.00 47.00
person 49 0 394.00 9.00 412.00 49.00
person 98 0 373.00 1.00 403.00 52.00
person 49 0 352.00 1.00 374.00 39.00
person -1 0 328.00 1.00 367.00 46.00
person 71 0 275.00 1.00 315.00 39.00
person 70 0 231.00 3.00 277.00 32.00
person -1 0 141.00 4.00 190.00 47.00
person 71 0 100.00 25.00 127.00 59.00
car 52 1 127.00 30.00 402.00 218.00
person -1 1 51.00 1.00 89.00 47.00
person 57 1 89.00 9.00 107.00 49.00
person 98 1 98.00 1.00 128.00 52.00
person 49 1 127.00 1.00 149.00 39.00
person -1 1 134.00 1.00 173.00 46.00
person 70 1 186.00 1.00 226.00 39.00
person 70 1 224.00 3.00 270.00 32.00
person -1 1 311.00 4.00 360.00 47.00
person 71 1 374.00 25.00 401.00 59.00
