chair 68 0 458.00 155.00 500.00 308.00
chair -1 0 281.00 237.00 386.00 329.00
chair -1 0 136.00 173.00 179.00 313.00
chair -1 0 3.00 201.00 112.00 256.00
person 49 0 270.00 75.00 496.00 359.00
person 49 0 128.00 72.00 312.00 359.00
person 49 0 2.00 77.00 150.00 307.00
chair 107 1 1.00 155.00 43.00 308.00
chair -1 1 115.00 237.00 220.00 329.00
chair -1 1 322.00 173.00 365.00 313.00
chair -1 1 389.00 201.00 498.00 256.00
person 98 1 5.00 75.00 231.00 359.00
person 49 1 189.00 72.00 373.00 359.00
person 98 1 351.00 77.00 499.00 307.00
