person 70 0 1.00 10.00 255.00 375.00
person 98 0 273.00 71.00 462.00 375.00
person 49 0 409.00 15.00 500.00 375.00
bottle 13 0 424.00 248.00 468.00 347.00
bottle -1 0 229.00 194.00 253.00 235.00
bottle -1 0 199.00 200.00 230.00 248.00
bottle -1 0 174.00 202.00 197.00 236.00
bottle -1 0 209.00 218.00 249.00 315.00
bottle 10 0 244.00 220.00 284.00 318.00
person 98 1 246.00 10.00 500.00 375.00
person 98 1 39.00 71.00 228.00 375.00
person 49 1 1.00 15.00 92.00 375.00
bottle 13 1 33.00 248.00 77.00 347.00
bottle -1 1 248.00 194.00 272.00 235.00
bottle -1 1 271.00 200.00 302.00 248.00
bottle -1 1 304.00 202.00 327.00 236.00
bottle -1 1 252.00 218.00 292.00 315.00
bottle 10 1 217.00 220.00 257.00 318.00
