horse 92 0 236.00 275.00 374.00 500.00
horse -1 0 193.00 223.00 287.00 347.00
horse -1 0 115.00 123.00 174.00 246.00
person 57 0 2.00 143.00 191.00 500.00
person 49 0 23.00 127.00 51.00 221.00
cow -1 0 178.00 132.00 192.00 150.00
cow -1 0 192.00 133.00 213.00 152.00
cow -1 0 218.00 126.00 236.00 142.00
horse 85 1 2.00 275.00 140.00 500.00
horse -1 1 89.00 223.00 183.00 347.00
horse -1 1 202.00 123.00 261.00 246.00
person 49 1 185.00 143.00 374.00 500.00
person 110 1 325.00 127.00 353.00 221.00
cow -1 1 184.00 132.00 198.00 150.00
cow -1 1 163.00 133.00 184.00 152.00
cow -1 1 140.00 126.00 158.00 142.00
