chair 50 0 227.00 246.00 290.00 311.00
diningtable -1 0 27.00 285.00 145.00 315.00
sofa -1 0 108.00 259.00 195.00 318.00
chair -1 0 94.00 266.00 128.00 291.00
chair 51 0 78.00 274.00 141.00 390.00
chair 50 0 1.00 288.00 73.00 407.00
person 71 0 39.00 241.00 60.00 263.00
person 98 0 11.00 253.00 116.00 383.00
chair 68 0 170.00 268.00 253.00 335.00
bottle -1 0 53.00 263.00 67.00 297.00
bottle -1 0 64.00 263.00 75.00 294.00
bottle -1 0 73.00 264.00 82.00 298.00
bottle -1 0 78.00 259.00 87.00 296.00
chair 51 1 86.00 246.00 149.00 311.00
diningtable -1 1 231.00 285.00 349.00 315.00
sofa -1 1 181.00 259.00 268.00 318.00
chair -1 1 248.00 266.00 282.00 291.00
chair 50 1 235.00 274.00 298.00 390.00
chair 51 1 303.00 288.00 375.00 407.00
person 98 1 316.00 241.00 337.00 263.00
person 49 1 260.00 253.00 365.00 383.00
chair 68 1 123.00 268.00 206.00 335.00
bottle -1 1 309.00 263.00 323.00 297.00
bottle -1 1 301.00 263.00 312.00 294.00
bottle -1 1 294.00 264.00 303.00 298.00
bottle -1 1 289.00 259.00 298.00 296.00
