chair -1 0 1.00 252.00 105.00 375.00
chair 107 0 410.00 191.00 500.00 321.00
chair -1 0 358.00 184.00 404.00 212.00
chair -1 0 480.00 178.00 500.00 226.00
chair 68 0 409.00 179.00 450.00 255.00
chair -1 0 1.00 202.00 47.00 275.00
person 71 0 96.00 3.00 500.00 375.00
person 70 0 349.00 155.00 377.00 184.00
person 98 0 383.00 160.00 404.00 182.00
person 70 0 328.00 156.00 348.00 181.00
pottedplant 23 0 15.00 153.00 51.00 197.00
pottedplant 23 0 58.00 141.00 97.00 204.00
diningtable 65 0 337.00 205.00 422.00 280.00
chair -1 1 396.00 252.00 500.00 375.00
chair 89 1 1.00 191.00 91.00 321.00
chair -1 1 97.00 184.00 143.00 212.00
chair -1 1 1.00 178.00 21.00 226.00
chair 68 1 51.00 179.00 92.00 255.00
chair -1 1 454.00 202.00 500.00 275.00
person 70 1 1.00 3.00 405.00 375.00
person 71 1 124.00 155.00 152.00 184.00
person 70 1 97.00 160.00 118.00 182.00
person 98 1 153.00 156.00 173.00 181.00
pottedplant 23 1 450.00 153.00 486.00 197.00
pottedplant 7 1 404.00 141.00 443.00 204.00
diningtable 21 1 79.00 205.00 164.00 280.00
