pottedplant 43 0 24.00 177.00 104.00 298.00
pottedplant 105 0 100.00 148.00 177.00 280.00
pottedplant 7 0 172.00 184.00 242.00 266.00
pottedplant 55 0 243.00 126.00 320.00 255.00
pottedplant 72 0 308.00 149.00 376.00 248.00
pottedplant 72 0 369.00 157.00 419.00 242.00
pottedplant 55 0 414.00 169.00 455.00 213.00
pottedplant 23 0 438.00 153.00 494.00 209.00
pottedplant 43 1 397.00 177.00 477.00 298.00
pottedplant 105 1 324.00 148.00 401.00 280.00
pottedplant 7 1 259.00 184.00 329.00 266.00
pottedplant 23 1 181.00 126.00 258.00 255.00
pottedplant 23 1 125.00 149.00 193.00 248.00
pottedplant 55 1 82.00 157.00 132.00 242.00
pottedplant 72 1 46.00 169.00 87.00 213.00
pottedplant 72 1 7.00 153.00 63.00 209.00
