person 98 0 324.00 188.00 434.00 336.00
person 98 0 302.00 128.00 405.00 340.00
person 57 0 277.00 75.00 364.00 212.00
person 57 0 197.00 138.00 297.00 258.00
person 49 0 196.00 96.00 307.00 335.00
person 98 0 116.00 86.00 290.00 347.00
person 71 0 53.00 86.00 344.00 375.00
tvmonitor -1 0 361.00 72.00 412.00 124.00
chair 107 0 385.00 72.00 495.00 283.00
person 98 1 67.00 188.00 177.00 336.00
person 98 1 96.00 128.00 199.00 340.00
person 57 1 137.00 75.00 224.00 212.00
person 57 1 204.00 138.00 304.00 258.00
person 57 1 194.00 96.00 305.00 335.00
person 98 1 211.00 86.00 385.00 347.00
person 98 1 157.00 86.00 448.00 375.00
tvmonitor -1 1 89.00 72.00 140.00 124.00
chair 107 1 6.00 72.00 116.00 283.00
