chair 11 0 393.00 238.00 472.00 375.00
chair 11 0 295.00 219.00 368.00 340.00
chair 11 0 149.00 214.00 230.00 340.00
chair 11 0 151.00 205.00 208.00 324.00
chair -1 0 71.00 340.00 136.00 375.00
chair 11 0 16.00 241.00 107.00 352.00
chair -1 0 238.00 179.00 266.00 262.00
chair -1 0 266.00 177.00 292.00 254.00
diningtable -1 0 78.00 181.00 197.00 344.00
diningtable -1 0 358.00 190.00 444.00 256.00
person 57 0 182.00 157.00 235.00 235.00
person -1 0 213.00 143.00 251.00 209.00
person 70 0 170.00 143.00 208.00 186.00
person 71 0 120.00 145.00 170.00 200.00
person 71 0 88.00 138.00 133.00 204.00
person -1 0 62.00 156.00 107.00 177.00
person 110 0 72.00 181.00 106.00 237.00
person 57 0 48.00 161.00 67.00 194.00
person 57 0 5.00 142.00 129.00 350.00
person 98 0 291.00 147.00 320.00 198.00
person 71 0 294.00 152.00 348.00 211.00
person 110 0 314.00 169.00 393.00 326.00
person 49 0 470.00 170.00 500.00 316.00
person 57 0 355.00 156.00 479.00 363.00
chair 11 1 29.00 238.00 108.00 375.00
chair 11 1 133.00 219.00 206.00 340.00
chair 11 1 271.00 214.00 352.00 340.00
chair 11 1 293.00 205.00 350.00 324.00
chair -1 1 365.00 340.00 430.00 375.00
chair 11 1 394.00 241.00 485.00 352.00
chair -1 1 235.00 179.00 263.00 262.00
chair -1 1 209.00 177.00 235.00 254.00
diningtable -1 1 304.00 181.00 423.00 344.00
diningtable -1 1 57.00 190.00 143.00 256.00
person 71 1 266.00 157.00 319.00 235.00
person -1 1 250.00 143.00 288.00 209.00
person 70 1 293.00 143.00 331.00 186.00
person 98 1 331.00 145.00 381.00 200.00
person 70 1 368.00 138.00 413.00 204.00
person -1 1 394.00 156.00 439.00 177.00
person 98 1 395.00 181.00 429.00 237.00
person 71 1 434.00 161.00 453.00 194.00
person 49 1 372.00 142.00 496.00 350.00
person 98 1 181.00 147.00 210.00 198.00
person 70 1 153.00 152.00 207.00 211.00
person 98 1 108.00 169.00 187.00 326.00
person 49 1 1.00 170.00 31.00 316.00
person 57 1 22.00 156.00 146.00 363.00
