bottle 82 0 367.00 208.00 389.00 284.00
bottle 1 0 398.00 202.00 422.00 278.00
bottle 13 0 328.00 188.00 348.00 231.00
bottle 82 0 228.00 122.00 249.00 163.00
person 71 0 41.00 138.00 283.00 375.00
person 71 0 130.00 123.00 367.00 266.00
person 98 0 213.00 95.00 404.00 226.00
pottedplant 72 0 253.00 11.00 353.00 188.00
chair 11 0 23.00 229.00 224.00 374.00
bottle 36 1 112.00 208.00 134.00 284.00
bottle 1 1 79.00 202.00 103.00 278.00
bottle 13 1 153.00 188.00 173.00 231.00
bottle 1 1 252.00 122.00 273.00 163.00
person 98 1 218.00 138.00 460.00 375.00
person 71 1 134.00 123.00 371.00 266.00
person 98 1 97.00 95.00 288.00 226.00
pottedplant 72 1 148.00 11.00 248.00 188.00
chair 11 1 277.00 229.00 478.00 374.00
