diningtable 45 0 294.00 147.00 436.00 201.00
diningtable -1 0 302.00 133.00 363.00 151.00
diningtable 100 0 146.00 140.00 244.00 175.00
diningtable -1 0 122.00 125.00 174.00 146.00
diningtable 58 0 14.00 133.00 113.00 179.00
diningtable 45 0 82.00 186.00 349.00 331.00
chair -1 0 452.00 149.00 489.00 195.00
chair -1 0 381.00 173.00 442.00 250.00
chair -1 0 332.00 194.00 386.00 300.00
chair -1 0 279.00 158.00 338.00 209.00
chair -1 0 387.00 136.00 408.00 156.00
chair -1 0 268.00 127.00 295.00 166.00
chair -1 0 246.00 138.00 256.00 151.00
chair -1 0 216.00 151.00 257.00 182.00
chair -1 0 181.00 128.00 203.00 140.00
chair -1 0 114.00 146.00 146.00 181.00
chair -1 0 43.00 145.00 92.00 182.00
chair -1 0 1.00 166.00 38.00 209.00
chair 89 0 4.00 200.00 104.00 323.00
chair -1 0 150.00 284.00 311.00 332.00
diningtable 45 1 65.00 147.00 207.00 201.00
diningtable -1 1 138.00 133.00 199.00 151.00
diningtable 45 1 257.00 140.00 355.00 175.00
diningtable -1 1 327.00 125.00 379.00 146.00
diningtable 58 1 388.00 133.00 487.00 179.00
diningtable 45 1 152.00 186.00 419.00 331.00
chair -1 1 12.00 149.00 49.00 195.00
chair -1 1 59.00 173.00 120.00 250.00
chair -1 1 115.00 194.00 169.00 300.00
chair -1 1 163.00 158.00 222.00 209.00
chair -1 1 93.00 136.00 114.00 156.00
chair -1 1 206.00 127.00 233.00 166.00
chair -1 1 245.00 138.00 255.00 151.00
chair -1 1 244.00 151.00 285.00 182.00
chair -1 1 298.00 128.00 320.00 140.00
chair -1 1 355.00 146.00 387.00 181.00
chair -1 1 409.00 145.00 458.00 182.00
chair -1 1 463.00 166.00 500.00 209.00
chair 68 1 397.00 200.00 497.00 323.00
chair -1 1 190.00 284.00 351.00 332.00
