aeroplane 86 0 336.00 49.00 418.00 85.00
aeroplane 86 0 198.00 61.00 278.00 105.00
aeroplane 30 0 210.00 135.00 291.00 170.00
aeroplane 30 0 47.00 83.00 132.00 120.00
aeroplane 30 0 81.00 140.00 160.00 175.00
aeroplane 30 0 87.00 220.00 164.00 254.00
aeroplane 86 1 83.00 49.00 165.00 85.00
aeroplane 86 1 223.00 61.00 303.00 105.00
aeroplane 86 1 210.00 135.00 291.00 170.00
aeroplane 86 1 369.00 83.00 454.00 120.00
aeroplane 86 1 341.00 140.00 420.00 175.00
aeroplane 86 1 337.00 220.00 414.00 254.00
