cow 74 0 2.00 154.00 118.00 236.00
cow 102 0 263.00 206.00 425.00 333.00
cow 102 0 182.00 163.00 270.00 283.00
cow 5 0 135.00 178.00 196.00 234.00
boat 118 0 340.00 75.00 458.00 178.00
boat 118 0 238.00 77.00 338.00 159.00
boat 118 0 147.00 78.00 231.00 150.00
boat 16 0 115.00 107.00 160.00 149.00
boat 16 0 2.00 103.00 55.00 137.00
boat -1 0 126.00 36.00 163.00 51.00
boat -1 0 237.00 43.00 263.00 55.00
boat 19 0 447.00 102.00 500.00 123.00
person 49 0 90.00 182.00 128.00 285.00
cow 73 1 383.00 154.00 499.00 236.00
cow 5 1 76.00 206.00 238.00 333.00
cow 102 1 231.00 163.00 319.00 283.00
cow 5 1 305.00 178.00 366.00 234.00
boat 118 1 43.00 75.00 161.00 178.00
boat 118 1 163.00 77.00 263.00 159.00
boat 118 1 270.00 78.00 354.00 150.00
boat 15 1 341.00 107.00 386.00 149.00
boat 15 1 446.00 103.00 499.00 137.00
boat -1 1 338.00 36.00 375.00 51.00
boat -1 1 238.00 43.00 264.00 55.00
boat 20 1 1.00 102.00 54.00 123.00
person 49 1 373.00 182.00 411.00 285.00
