train 2 0 2.00 194.00 297.00 252.00
car 94 0 362.00 315.00 408.00 344.00
car 94 0 162.00 337.00 240.00 372.00
car -1 0 489.00 331.00 500.00 354.00
person -1 0 95.00 349.00 108.00 371.00
person -1 0 82.00 320.00 98.00 353.00
person -1 0 458.00 349.00 473.00 375.00
person -1 0 426.00 351.00 440.00 375.00
person -1 0 211.00 351.00 221.00 375.00
person -1 0 201.00 354.00 211.00 375.00
person -1 0 185.00 359.00 199.00 375.00
person -1 0 171.00 361.00 186.00 375.00
person -1 0 160.00 355.00 169.00 375.00
person -1 0 107.00 362.00 119.00 375.00
person -1 0 117.00 364.00 130.00 375.00
person -1 0 135.00 358.00 145.00 375.00
person -1 0 135.00 353.00 146.00 367.00
person -1 0 132.00 335.00 144.00 363.00
person -1 0 472.00 295.00 480.00 323.00
person -1 0 465.00 298.00 475.00 316.00
train 2 1 204.00 194.00 499.00 252.00
car 52 1 93.00 315.00 139.00 344.00
car 106 1 261.00 337.00 339.00 372.00
car -1 1 1.00 331.00 12.00 354.00
person -1 1 393.00 349.00 406.00 371.00
person -1 1 403.00 320.00 419.00 353.00
person -1 1 28.00 349.00 43.00 375.00
person -1 1 61.00 351.00 75.00 375.00
person -1 1 280.00 351.00 290.00 375.00
person -1 1 290.00 354.00 300.00 375.00
person -1 1 302.00 359.00 316.00 375.00
person -1 1 315.00 361.00 330.00 375.00
person -1 1 332.00 355.00 341.00 375.00
person -1 1 382.00 362.00 394.00 375.00
person -1 1 371.00 364.00 384.00 375.00
person -1 1 356.00 358.00 366.00 375.00
person -1 1 355.00 353.00 366.00 367.00
person -1 1 357.00 335.00 369.00 363.00
person -1 1 21.00 295.00 29.00 323.00
person -1 1 26.00 298.00 36.00 316.00
