person 71 0 232.00 86.00 446.00 315.00
person 70 0 60.00 73.00 297.00 335.00
person -1 0 1.00 210.00 79.00 375.00
bottle 1 0 293.00 270.00 330.00 374.00
bottle 1 0 359.00 263.00 392.00 370.00
diningtable 21 0 63.00 297.00 489.00 375.00
diningtable -1 0 1.00 157.00 116.00 242.00
person -1 0 1.00 216.00 84.00 375.00
person 71 1 55.00 86.00 269.00 315.00
person 98 1 204.00 73.00 441.00 335.00
person -1 1 422.00 210.00 500.00 375.00
bottle 82 1 171.00 270.00 208.00 374.00
bottle 10 1 109.00 263.00 142.00 370.00
diningtable 21 1 12.00 297.00 438.00 375.00
diningtable -1 1 385.00 157.00 500.00 242.00
person -1 1 417.00 216.00 500.00 375.00
