bicycle -1 0 321.00 249.00 364.00 351.00
person -1 0 193.00 173.00 205.00 201.00
person -1 0 182.00 176.00 192.00 201.00
person -1 0 171.00 171.00 181.00 202.00
person 98 0 156.00 176.00 174.00 216.00
person -1 0 210.00 168.00 224.00 210.00
person -1 0 228.00 174.00 242.00 209.00
person -1 0 114.00 181.00 132.00 211.00
car -1 0 1.00 178.00 21.00 195.00
bus 115 0 37.00 152.00 153.00 206.00
bicycle -1 1 137.00 249.00 180.00 351.00
person -1 1 296.00 173.00 308.00 201.00
person -1 1 309.00 176.00 319.00 201.00
person -1 1 320.00 171.00 330.00 202.00
person 98 1 327.00 176.00 345.00 216.00
person -1 1 277.00 168.00 291.00 210.00
person -1 1 259.00 174.00 273.00 209.00
person -1 1 369.00 181.00 387.00 211.00
car -1 1 480.00 178.00 500.00 195.00
bus 93 1 348.00 152.00 464.00 206.00
