bicycle 47 0 2.00 238.00 148.00 347.00
bicycle 46 0 174.00 223.00 327.00 323.00
bicycle 46 0 338.00 199.00 459.00 298.00
person 57 0 372.00 144.00 465.00 281.00
person 49 0 210.00 162.00 286.00 298.00
person 110 0 143.00 131.00 183.00 256.00
person 110 0 220.00 135.00 238.00 192.00
person 49 0 368.00 141.00 394.00 219.00
person 57 0 6.00 169.00 120.00 309.00
bicycle 46 1 353.00 238.00 499.00 347.00
bicycle 34 1 174.00 223.00 327.00 323.00
bicycle 47 1 42.00 199.00 163.00 298.00
person 57 1 36.00 144.00 129.00 281.00
person 49 1 215.00 162.00 291.00 298.00
person 110 1 318.00 131.00 358.00 256.00
person 49 1 263.00 135.00 281.00 192.00
person 110 1 107.00 141.00 133.00 219.00
person 57 1 381.00 169.00 495.00 309.00
