tvmonitor 114 0 370.00 60.00 497.00 173.00
tvmonitor 120 0 182.00 2.00 277.00 82.00
person 70 0 327.00 123.00 472.00 372.00
person 57 0 259.00 74.00 422.00 372.00
person 98 0 231.00 20.00 322.00 192.00
person 57 0 122.00 22.00 235.00 273.00
person 71 0 9.00 40.00 123.00 283.00
person 70 0 14.00 155.00 283.00 372.00
tvmonitor 42 1 4.00 60.00 131.00 173.00
tvmonitor 120 1 224.00 2.00 319.00 82.00
person 70 1 29.00 123.00 174.00 372.00
person 71 1 79.00 74.00 242.00 372.00
person 110 1 179.00 20.00 270.00 192.00
person 57 1 266.00 22.00 379.00 273.00
person 57 1 378.00 40.00 492.00 283.00
person 70 1 218.00 155.00 487.00 372.00
