car 41 0 147.00 170.00 184.00 195.00
car 83 0 113.00 170.00 150.00 203.00
person 110 0 342.00 184.00 358.00 221.00
person 70 0 108.00 180.00 132.00 200.00
person 49 0 142.00 177.00 164.00 228.00
motorbike -1 0 143.00 196.00 165.00 228.00
person 49 0 196.00 183.00 217.00 228.00
motorbike 79 0 22.00 226.00 84.00 300.00
motorbike 81 0 98.00 234.00 155.00 309.00
motorbike 79 0 166.00 249.00 225.00 341.00
motorbike 63 0 244.00 271.00 320.00 372.00
motorbike 63 0 216.00 208.00 262.00 266.00
motorbike 63 0 79.00 213.00 117.00 273.00
person 49 0 256.00 230.00 314.00 344.00
person 49 0 177.00 221.00 220.00 314.00
person 98 0 104.00 204.00 153.00 284.00
person 98 0 36.00 196.00 83.00 280.00
person 49 0 83.00 191.00 115.00 256.00
car 41 0 372.00 196.00 500.00 324.00
motorbike -1 0 286.00 204.00 320.00 238.00
motorbike -1 0 322.00 216.00 333.00 234.00
person -1 0 290.00 188.00 314.00 234.00
person -1 0 316.00 188.00 330.00 217.00
person 49 0 6.00 176.00 25.00 225.00
person 71 0 26.00 183.00 48.00 209.00
person 57 0 65.00 175.00 83.00 197.00
person -1 0 77.00 174.00 90.00 191.00
motorbike -1 0 68.00 191.00 86.00 223.00
motorbike -1 0 23.00 206.00 49.00 245.00
bus -1 0 61.00 141.00 79.00 158.00
person -1 0 386.00 191.00 401.00 230.00
person -1 0 373.00 195.00 390.00 233.00
person -1 0 401.00 202.00 424.00 223.00
person 49 0 222.00 190.00 254.00 250.00
car 83 1 317.00 170.00 354.00 195.00
car 41 1 351.00 170.00 388.00 203.00
person 110 1 143.00 184.00 159.00 221.00
person 70 1 369.00 180.00 393.00 200.00
person 49 1 337.00 177.00 359.00 228.00
motorbike -1 1 336.00 196.00 358.00 228.00
person 49 1 284.00 183.00 305.00 228.00
motorbike 79 1 417.00 226.00 479.00 300.00
motorbike 79 1 346.00 234.00 403.00 309.00
motorbike 62 1 276.00 249.00 335.00 341.00
motorbike 62 1 181.00 271.00 257.00 372.00
motorbike 62 1 239.00 208.00 285.00 266.00
motorbike 62 1 384.00 213.00 422.00 273.00
person 57 1 187.00 230.00 245.00 344.00
person 49 1 281.00 221.00 324.00 314.00
person 98 1 348.00 204.00 397.00 284.00
person 98 1 418.00 196.00 465.00 280.00
person 49 1 386.00 191.00 418.00 256.00
car 41 1 1.00 196.00 129.00 324.00
motorbike -1 1 181.00 204.00 215.00 238.00
motorbike -1 1 168.00 216.00 179.00 234.00
person -1 1 187.00 188.00 211.00 234.00
person -1 1 171.00 188.00 185.00 217.00
person 110 1 476.00 176.00 495.00 225.00
person 71 1 453.00 183.00 475.00 209.00
person 49 1 418.00 175.00 436.00 197.00
person -1 1 411.00 174.00 424.00 191.00
motorbike -1 1 415.00 191.00 433.00 223.00
motorbike -1 1 452.00 206.00 478.00 245.00
bus -1 1 422.00 141.00 440.00 158.00
person -1 1 100.00 191.00 115.00 230.00
person -1 1 111.00 195.00 128.00 233.00
person -1 1 77.00 202.00 100.00 223.00
person 49 1 247.00 190.00 279.00 250.00
