sheep 53 0 87.00 227.00 157.00 269.00
sheep 53 0 151.00 219.00 193.00 241.00
sheep 53 0 235.00 214.00 283.00 259.00
sheep 108 0 319.00 205.00 367.00 238.00
sheep 53 0 396.00 186.00 454.00 220.00
sheep 108 0 426.00 179.00 474.00 211.00
sheep -1 0 482.00 173.00 500.00 209.00
sheep 108 0 308.00 191.00 356.00 220.00
sheep -1 0 242.00 204.00 293.00 227.00
sheep 119 1 344.00 227.00 414.00 269.00
sheep 59 1 308.00 219.00 350.00 241.00
sheep 59 1 218.00 214.00 266.00 259.00
sheep 32 1 134.00 205.00 182.00 238.00
sheep 119 1 47.00 186.00 105.00 220.00
sheep 32 1 27.00 179.00 75.00 211.00
sheep -1 1 1.00 173.00 19.00 209.00
sheep 108 1 145.00 191.00 193.00 220.00
sheep -1 1 208.00 204.00 259.00 227.00
