sofa 101 0 74.00 119.00 374.00 349.00
bottle 1 0 13.00 328.00 49.00 375.00
person 98 0 87.00 106.00 221.00 254.00
person 49 0 352.00 109.00 443.00 321.00
person 49 0 247.00 104.00 355.00 375.00
person 49 0 170.00 110.00 280.00 351.00
pottedplant 23 0 17.00 3.00 163.00 210.00
sofa 76 1 127.00 119.00 427.00 349.00
bottle 1 1 452.00 328.00 488.00 375.00
person 98 1 280.00 106.00 414.00 254.00
person 98 1 58.00 109.00 149.00 321.00
person 110 1 146.00 104.00 254.00 375.00
person 110 1 221.00 110.00 331.00 351.00
pottedplant 23 1 338.00 3.00 484.00 210.00
