chair -1 0 62.00 190.00 89.00 231.00
chair -1 0 52.00 196.00 89.00 242.00
chair -1 0 47.00 207.00 85.00 254.00
chair 50 0 35.00 214.00 86.00 285.00
chair 50 0 18.00 239.00 88.00 312.00
chair 50 0 2.00 259.00 89.00 342.00
chair 107 0 1.00 304.00 91.00 413.00
chair -1 0 1.00 381.00 78.00 497.00
chair -1 0 1.00 201.00 35.00 229.00
person 57 0 79.00 5.00 286.00 500.00
chair -1 1 245.00 190.00 272.00 231.00
chair -1 1 245.00 196.00 282.00 242.00
chair -1 1 249.00 207.00 287.00 254.00
chair 51 1 248.00 214.00 299.00 285.00
chair 51 1 246.00 239.00 316.00 312.00
chair 51 1 245.00 259.00 332.00 342.00
chair 107 1 243.00 304.00 333.00 413.00
chair -1 1 256.00 381.00 333.00 497.00
chair -1 1 299.00 201.00 333.00 229.00
person 98 1 48.00 5.00 255.00 500.00
