bird -1 0 74.00 247.00 93.00 275.00
bird -1 0 91.00 237.00 106.00 276.00
bird -1 0 110.00 244.00 126.00 278.00
bird -1 0 125.00 236.00 143.00 278.00
bird -1 0 161.00 229.00 181.00 275.00
bird -1 0 237.00 235.00 252.00 275.00
bird -1 0 252.00 242.00 270.00 272.00
bird 67 0 128.00 261.00 177.00 313.00
person 49 0 285.00 190.00 378.00 460.00
person 49 0 402.00 161.00 500.00 460.00
person 110 0 1.00 154.00 62.00 460.00
bird -1 1 408.00 247.00 427.00 275.00
bird -1 1 395.00 237.00 410.00 276.00
bird -1 1 375.00 244.00 391.00 278.00
bird -1 1 358.00 236.00 376.00 278.00
bird -1 1 320.00 229.00 340.00 275.00
bird -1 1 249.00 235.00 264.00 275.00
bird -1 1 231.00 242.00 249.00 272.00
bird 67 1 324.00 261.00 373.00 313.00
person 49 1 123.00 190.00 216.00 460.00
person 49 1 1.00 161.00 99.00 460.00
person 110 1 439.00 154.00 500.00 460.00
