chair -1 0 463.00 309.00 500.00 375.00
chair 50 0 339.00 284.00 425.00 375.00
chair 89 0 217.00 274.00 288.00 375.00
chair -1 0 193.00 259.00 236.00 282.00
chair 89 0 128.00 286.00 209.00 375.00
chair 50 0 85.00 264.00 141.00 352.00
chair 68 0 80.00 345.00 141.00 375.00
chair 51 0 1.00 262.00 66.00 343.00
chair -1 0 14.00 251.00 51.00 270.00
chair -1 1 1.00 309.00 38.00 375.00
chair 51 1 76.00 284.00 162.00 375.00
chair 89 1 213.00 274.00 284.00 375.00
chair -1 1 265.00 259.00 308.00 282.00
chair 89 1 292.00 286.00 373.00 375.00
chair 51 1 360.00 264.00 416.00 352.00
chair 11 1 360.00 345.00 421.00 375.00
chair 89 1 435.00 262.00 500.00 343.00
chair -1 1 450.00 251.00 487.00 270.00
