person 98 0 274.00 155.00 436.00 372.00
person 98 0 104.00 124.00 179.00 206.00
person 110 0 1.00 134.00 73.00 264.00
tvmonitor 120 0 419.00 154.00 465.00 266.00
tvmonitor 42 0 364.00 135.00 409.00 216.00
tvmonitor 42 0 104.00 121.00 156.00 165.00
tvmonitor 120 0 24.00 125.00 75.00 179.00
chair 11 0 33.00 222.00 158.00 375.00
chair 89 0 109.00 167.00 174.00 298.00
chair 50 0 266.00 235.00 373.00 375.00
chair 89 0 1.00 183.00 75.00 312.00
person 98 1 65.00 155.00 227.00 372.00
person 70 1 322.00 124.00 397.00 206.00
person 49 1 428.00 134.00 500.00 264.00
tvmonitor 111 1 36.00 154.00 82.00 266.00
tvmonitor 42 1 92.00 135.00 137.00 216.00
tvmonitor 42 1 345.00 121.00 397.00 165.00
tvmonitor 120 1 426.00 125.00 477.00 179.00
chair 11 1 343.00 222.00 468.00 375.00
chair 89 1 327.00 167.00 392.00 298.00
chair 51 1 128.00 235.00 235.00 375.00
chair 89 1 426.00 183.00 500.00 312.00
