sheep -1 0 486.00 200.00 500.00 211.00
sheep -1 0 465.00 199.00 479.00 210.00
sheep -1 0 389.00 202.00 440.00 234.00
sheep -1 0 341.00 202.00 387.00 227.00
sheep -1 0 328.00 198.00 345.00 207.00
sheep -1 0 316.00 206.00 336.00 220.00
sheep -1 0 277.00 202.00 316.00 225.00
sheep -1 0 292.00 194.00 304.00 202.00
sheep -1 0 273.00 204.00 288.00 212.00
sheep -1 0 263.00 197.00 277.00 208.00
sheep -1 0 235.00 204.00 273.00 227.00
sheep -1 0 224.00 199.00 247.00 213.00
sheep -1 0 174.00 193.00 192.00 203.00
sheep -1 0 141.00 197.00 172.00 218.00
sheep 53 0 92.00 199.00 132.00 229.00
sheep -1 0 44.00 197.00 70.00 208.00
sheep -1 0 29.00 195.00 46.00 206.00
sheep -1 0 1.00 195.00 14.00 217.00
sheep -1 0 4.00 187.00 19.00 195.00
sheep -1 1 1.00 200.00 15.00 211.00
sheep -1 1 22.00 199.00 36.00 210.00
sheep -1 1 61.00 202.00 112.00 234.00
sheep -1 1 114.00 202.00 160.00 227.00
sheep -1 1 156.00 198.00 173.00 207.00
sheep -1 1 165.00 206.00 185.00 220.00
sheep -1 1 185.00 202.00 224.00 225.00
sheep -1 1 197.00 194.00 209.00 202.00
sheep -1 1 213.00 204.00 228.00 212.00
sheep -1 1 224.00 197.00 238.00 208.00
sheep -1 1 228.00 204.00 266.00 227.00
sheep -1 1 254.00 199.00 277.00 213.00
sheep -1 1 309.00 193.00 327.00 203.00
sheep -1 1 329.00 197.00 360.00 218.00
sheep 119 1 369.00 199.00 409.00 229.00
sheep -1 1 431.00 197.00 457.00 208.00
sheep -1 1 455.00 195.00 472.00 206.00
sheep -1 1 487.00 195.00 500.00 217.00
sheep -1 1 482.00 187.00 497.00 195.00
